100 50 11 52
1 11 46
8 0 33
3 13 44
8 45 75
2 37 71
4 27 58
5 5 38
4 39 71
5 49 80
6 24 54
3 24 58
4 47 81
3 22 58
3 28 61
7 49 84
6 0 36
3 10 40
2 37 72
4 1 32
1 32 63
6 41 73
4 32 66
3 7 41
7 21 56
3 15 50
8 48 82
5 18 54
2 39 71
4 13 46
5 11 47
2 47 78
4 30 61
2 49 79
8 30 61
3 21 53
5 1 32
3 27 57
1 7 42
7 47 77
3 23 58
8 13 47
2 8 43
6 50 85
7 24 58
2 22 52
5 19 52
6 39 70
1 39 71
5 35 67
6 20 52
7 23 57
7 9 42
6 14 47
5 37 69
4 6 41
7 17 47
1 25 61
8 10 42
6 24 55
8 41 74
8 38 74
7 26 59
4 41 76
4 19 55
8 38 70
2 30 66
6 10 45
7 9 39
2 25 57
5 14 47
3 46 76
6 19 52
8 2 38
6 28 58
2 18 53
3 35 65
3 14 50
1 7 39
5 19 54
6 14 44
6 39 70
1 3 38
5 16 48
5 39 71
1 2 36
8 16 47
4 9 40
2 31 63
1 5 41
8 18 48
3 34 64
4 49 79
2 8 43
8 20 53
1 28 63
8 5 40
2 11 41
7 44 76
4 29 65
5 24 54
0 13 9 6 14 14 4 1 8 13 12 13 13 9 6 9 9 10 2 11 11 17 9 14 17 2 9 14 11 6 5 10 6 2 8 10 15 6 8 11 11 5 14 11 14 10 10 14 12 13 7 11 5 14 13 3 7 11 9 9 5 12 12 15 6 7 12 7 5 13 9 9 3 6 11 16 14 4 13 3 11 11 14 16 10 11 14 2 7 13 8 9 12 13 9 11 10 9 6 5 7
13 0 15 17 24 25 13 13 13 24 13 26 25 20 9 22 7 17 15 10 24 7 5 26 27 13 8 27 22 16 9 4 18 12 21 5 24 15 16 23 22 10 7 23 6 17 22 2 14 25 17 20 10 26 9 14 17 21 17 14 17 16 2 5 18 15 16 10 16 25 21 5 16 8 23 27 25 13 9 14 3 24 27 26 4 23 25 15 19 2 14 20 21 8 21 20 17 11 18 13 19
9 15 0 14 11 21 5 9 16 20 19 16 20 8 11 14 8 18 11 6 16 14 10 15 13 7 15 21 19 5 8 12 12 10 10 14 10 4 2 11 19 12 18 13 12 3 12 14 20 14 4 6 8 14 9 11 5 18 3 17 12 20 13 14 14 16 20 13 13 18 13 13 10 8 12 22 13 5 18 11 13 16 17 12 12 18 12 9 9 14 16 16 7 10 15 19 18 5 13 13 9
6 17 14 0 16 9 10 6 6 8 10 11 9 11 8 7 14 5 4 16 9 21 13 15 19 7 10 10 6 10 10 13 5 6 10 13 18 11 13 12 6 7 15 11 18 15 11 18 10 13 12 15 9 15 18 4 11 5 14 6 4 8 15 20 2 4 9 8 1 10 7 12 5 10 12 11 15 9 13 4 14 9 12 18 13 7 16 6 9 17 5 4 15 18 5 5 5 15 2 4 9
14 24 11 16 0 18 12 14 20 18 24 10 16 5 18 11 18 21 14 16 11 25 20 5 4 12 22 16 17 9 16 21 12 15 7 22 5 10 10 4 18 18 27 6 22 9 6 24 25 6 8 6 16 5 19 15 8 18 9 21 13 23 23 25 15 19 24 20 15 13 10 22 12 17 5 17 3 12 26 15 22 11 11 3 22 15 1 12 7 24 20 16 5 21 13 19 21 15 14 17 8
14 25 21 9 18 0 17 14 13 1 16 9 2 15 17 7 22 10 12 24 8 30 21 14 21 15 18 3 3 16 18 21 9 14 13 21 21 17 19 14 4 15 23 12 27 21 12 26 16 13 17 20 18 14 26 12 16 5 20 12 10 12 23 28 8 11 13 16 10 6 8 21 12 19 13 3 16 17 20 12 23 7 9 20 22 3 18 13 13 25 12 5 19 26 6 6 10 22 8 13 13
4 13 5 10 12 17 0 5 11 17 15 14 16 7 8 11 7 13 6 7 13 14 8 14 15 3 11 17 15 3 4 9 9 5 9 11 12 2 5 10 15 8 15 11 12 7 10 13 16 13 5 8 4 14 10 7 5 14 6 13 8 15 11 14 10 11 15 9 9 15 10 10 6 5 11 18 13 1 15 7 11 13 15 14 10 14 12 5 7 12 12 12 9 11 12 14 14 6 9 9 7
1 13 9 6 14 14 5 0 7 14 11 13 14 9 5 10 9 9 3 10 12 16 8 15 17 2 9 15 12 6 4 9 6 2 9 9 15 6 8 11 11 5 13 12 13 10 10 13 12 14 8 12 4 15 13 3 7 11 10 9 5 11 11 15 7 7 12 6 5 13 9 9 3 5 11 16 14 4 12 3 10 12 14 16 9 12 14 3 8 12 8 9 12 13 9 11 10 9 6 5 8
8 13 16 6 20 13 11 7 0 13 5 17 14 15 6 12 12 4 7 16 15 19 11 20 24 9 5 15 11 13 9 10 10 6 14 9 22 13 15 17 10 4 10 16 16 17 16 14 5 19 15 19 9 20 17 6 14 9 17 2 8 5 12 17 7 3 5 4 6 15 12 9 8 9 16 16 20 11 8 6 11 15 17 23 10 12 20 9 14 14 2 9 19 17 11 8 5 15 8 3 13
13 24 20 8 18 1 17 14 13 0 15 9 3 15 16 7 22 10 11 23 8 29 21 15 21 14 17 4 2 16 17 21 9 14 12 20 21 17 19 14 3 14 22 12 26 21 12 25 16 13 17 20 17 14 26 11 16 4 19 12 9 12 23 27 7 11 13 15 9 6 8 20 11 18 13 4 16 16 20 11 22 7 9 20 21 3 18 12 13 25 11 5 19 26 6 6 9 22 8 12 12
12 13 19 10 24 16 15 11 5 15 0 20 17 19 8 16 14 6 11 18 19 20 12 24 28 13 5 18 14 17 12 11 14 10 19 9 26 16 19 21 13 7 8 21 17 21 20 15 1 23 18 22 12 24 19 10 18 12 20 4 12 5 12 17 11 6 4 6 10 18 16 9 13 12 21 19 24 14 6 10 12 18 21 27 11 16 25 13 18 14 5 12 23 18 14 10 7 17 12 7 17
13 26 16 11 10 9 14 13 17 9 20 0 7 10 18 5 21 15 12 21 2 28 21 6 13 13 20 7 9 12 17 22 8 14 7 22 14 13 15 7 10 16 25 5 26 16 6 26 21 5 13 14 17 6 24 12 12 10 15 17 9 18 24 27 10 15 19 18 11 4 5 21 10 18 6 8 8 14 24 12 23 3 2 12 22 7 10 11 8 25 16 9 13 25 7 12 15 20 9 15 8
13 25 20 9 16 2 16 14 14 3 17 7 0 14 17 6 22 11 11 23 6 29 21 13 19 14 18 2 4 15 18 21 8 14 11 21 20 16 18 12 5 15 23 11 26 20 11 26 17 12 16 18 17 13 25 11 15 5 18 13 9 13 23 28 8 12 14 16 9 4 7 21 11 18 11 3 14 16 21 11 22 5 7 18 22 2 16 12 12 25 13 5 18 26 5 7 11 22 8 13 11
9 20 8 11 5 15 7 9 15 15 19 10 14 0 13 8 14 16 9 13 9 21 15 8 9 7 17 15 14 4 11 16 8 10 4 17 7 6 6 4 15 13 22 5 18 7 5 20 20 7 4 5 11 7 16 10 3 14 6 16 8 19 18 20 11 14 19 15 11 12 8 17 8 12 4 16 6 8 21 10 17 10 10 8 17 13 6 7 3 19 15 12 4 17 10 15 16 11 10 13 3
6 9 11 8 18 17 8 5 6 16 8 18 17 13 0 14 7 9 7 10 16 14 5 19 21 6 4 18 14 10 4 5 10 4 14 5 19 9 11 16 14 2 9 16 11 13 15 10 9 18 11 15 4 19 12 6 11 13 13 7 9 10 7 12 9 7 10 2 8 17 13 5 8 4 16 19 19 7 8 6 6 16 19 21 6 15 19 7 12 9 7 12 16 11 12 12 10 10 9 5 12
9 22 14 7 11 7 11 10 12 7 16 5 6 8 14 0 17 11 7 18 3 25 17 9 14 9 16 7 7 10 13 18 4 10 6 18 14 11 13 7 7 12 21 6 22 14 5 22 17 7 11 13 13 9 21 8 10 7 13 13 5 14 20 24 6 11 15 14 7 4 1 17 7 14 6 8 10 11 19 8 19 3 6 14 18 5 11 7 7 22 12 5 12 21 3 9 11 17 5 10 6
9 7 8 14 18 22 7 9 12 22 14 21 22 14 7 17 0 16 11 5 20 8 3 21 21 9 10 23 20 10 5 5 14 8 15 7 17 9 9 17 19 9 11 18 5 11 17 6 15 20 11 14 5 21 5 11 11 19 11 14 13 17 6 7 15 13 16 9 13 21 17 6 11 4 17 24 19 7 12 11 5 20 22 20 5 20 19 10 14 6 14 17 15 5 17 18 16 4 14 11 14
10 17 18 5 21 10 13 9 4 10 6 15 11 16 9 11 16 0 8 19 13 22 14 19 24 11 9 13 8 14 12 14 9 9 15 12 23 15 17 17 7 8 13 16 20 19 15 18 7 18 16 20 12 19 20 7 15 6 18 3 8 3 15 20 6 3 4 8 6 13 12 12 9 13 16 13 20 13 11 7 15 13 16 23 14 10 21 10 14 17 3 7 20 20 9 4 1 18 7 6 14
2 15 11 4 14 12 6 3 7 11 11 12 11 9 7 7 11 8 0 12 10 18 11 14 17 4 10 13 9 7 7 11 4 3 8 11 15 7 10 10 9 6 14 10 16 12 9 15 12 13 9 12 6 14 15 1 8 9 11 8 3 10 13 17 4 6 11 7 3 11 7 10 2 8 10 14 13 6 13 1 12 10 13 16 11 9 14 3 7 15 7 7 12 15 7 9 8 11 4 4 7
11 10 6 16 16 24 7 10 16 23 18 21 23 13 10 18 5 19 12 0 20 9 7 20 18 9 13 24 21 9 7 9 15 11 15 11 15 8 7 16 21 12 15 17 7 8 16 10 19 19 9 11 7 19 4 13 10 21 8 17 14 20 9 9 16 16 20 12 15 22 17 10 12 7 16 25 18 7 16 13 9 20 22 18 9 21 17 11 13 9 17 19 12 5 18 20 19 2 16 14 13
11 24 16 9 11 8 13 12 15 8 19 2 6 9 16 3 20 13 10 20 0 27 20 7 14 12 19 6 8 11 16 20 6 13 6 21 14 13 14 7 9 15 24 5 24 15 5 25 19 6 12 13 15 7 23 10 11 9 14 15 8 16 22 26 8 13 17 16 10 3 3 20 9 17 6 7 9 13 22 11 22 1 3 13 21 5 11 10 8 24 14 7 13 24 5 11 13 19 8 13 7
17 7 14 21 25 30 14 16 19 29 20 28 29 21 14 25 8 22 18 9 27 0 9 28 26 16 15 31 27 17 12 9 22 16 22 11 23 16 15 24 27 16 14 25 3 16 24 6 20 27 17 19 12 27 6 18 18 26 16 20 21 23 8 3 22 20 22 15 20 29 24 11 19 11 24 32 26 14 15 18 8 27 29 26 9 27 25 18 21 6 20 25 21 4 25 25 23 10 22 18 21
9 5 10 13 20 21 8 8 11 21 12 21 21 15 5 17 3 14 11 7 20 9 0 22 22 9 7 23 19 11 5 2 14 8 16 4 19 10 11 18 18 7 9 19 6 13 18 5 13 21 12 16 5 22 7 10 13 18 13 12 13 15 3 7 14 12 14 7 12 21 17 3 11 4 18 24 21 8 9 10 3 20 22 22 2 19 20 11 15 5 12 16 17 7 17 17 15 7 14 10 15
14 26 15 15 5 14 14 15 20 15 24 6 13 8 19 9 21 19 14 20 7 28 22 0 8 14 23 12 15 11 18 23 11 16 6 24 9 13 13 4 15 19 27 4 25 13 5 26 24 2 11 10 17 1 23 14 10 15 12 20 12 22 25 27 13 18 23 20 15 9 8 23 12 18 4 13 3 14 26 14 24 8 6 7 23 12 5 12 8 26 19 14 9 24 11 17 19 19 13 17 8
17 27 13 19 4 21 15 17 24 21 28 13 19 9 21 14 21 24 17 18 14 26 22 8 0 16 25 19 21 12 19 24 15 18 10 25 4 13 12 8 21 21 29 9 24 11 10 27 28 8 11 8 19 8 21 18 11 21 11 25 16 27 25 27 18 22 27 23 19 16 14 24 16 19 9 20 6 15 29 18 25 14 13 2 24 18 4 15 10 26 24 19 6 23 17 23 24 17 18 21 11
2 13 7 7 12 15 3 2 9 14 13 13 14 7 6 9 9 11 4 9 12 16 9 14 16 0 10 15 12 4 5 10 6 3 8 11 13 4 7 10 12 6 15 10 13 9 9 14 14 13 6 10 4 13 12 4 6 12 8 11 5 13 12 15 7 9 13 8 6 13 9 10 3 6 10 16 13 3 14 4 11 12 14 15 10 12 13 2 6 13 10 10 10 13 9 12 11 8 7 6 6
9 8 15 10 22 18 11 9 5 17 5 20 18 17 4 16 10 9 10 13 19 15 7 23 25 10 0 20 15 14 8 6 13 8 17 4 23 13 15 19 15 5 5 19 12 17 18 10 6 22 15 19 8 23 14 9 15 14 17 7 12 9 7 12 12 7 8 3 10 19 16 4 11 8 19 21 22 11 4 9 7 19 21 24 6 17 22 11 16 9 7 13 20 13 15 13 10 13 12 6 16
14 27 21 10 16 3 17 15 15 4 18 7 2 15 18 7 23 13 13 24 6 31 23 12 19 15 20 0 5 16 19 23 9 15 12 23 20 17 19 13 6 17 25 11 28 20 11 27 19 11 17 19 19 12 27 13 16 7 19 15 10 15 25 29 9 13 16 18 11 4 8 22 12 20 12 2 14 17 23 13 24 6 7 18 23 4 16 13 13 27 14 7 18 27 6 9 12 23 9 14 12
11 22 19 6 17 3 15 12 11 2 14 9 4 14 14 7 20 8 9 21 8 27 19 15 21 12 15 5 0 14 16 19 7 12 12 18 20 15 18 14 1 12 20 12 24 19 12 23 14 13 16 19 15 14 24 9 15 2 18 10 8 10 21 25 6 9 11 13 7 6 7 18 10 16 13 6 16 15 18 9 20 7 10 20 19 3 17 11 12 23 9 3 18 24 5 4 7 20 6 10 11
6 16 5 10 9 16 3 6 13 16 17 12 15 4 10 10 10 14 7 9 11 17 11 11 12 4 14 16 14 0 7 12 8 7 6 14 10 2 4 7 14 10 18 9 15 6 8 16 17 11 2 6 7 11 12 8 2 14 5 14 7 17 14 17 10 12 17 11 9 13 9 13 6 8 8 17 10 4 17 7 13 12 13 11 13 13 10 4 4 15 13 12 7 13 11 14 15 8 9 10 5
5 9 8 10 16 18 4 4 9 17 12 17 18 11 4 13 5 12 7 7 16 12 5 18 19 5 8 19 16 7 0 6 10 4 12 7 16 6 8 14 15 6 12 15 9 10 13 10 13 17 8 12 1 17 9 7 9 15 9 11 9 14 8 11 11 10 13 6 9 17 13 6 7 1 14 20 17 4 11 7 7 16 18 18 6 16 16 6 10 9 10 13 13 9 13 14 13 6 10 7 10
10 4 12 13 21 21 9 9 10 21 11 22 21 16 5 18 5 14 11 9 20 9 2 23 24 10 6 23 19 12 6 0 15 8 17 3 21 11 13 19 18 7 7 20 7 14 19 5 12 22 13 17 6 23 9 11 14 18 14 12 13 14 3 7 14 12 13 6 12 21 18 2 12 5 19 24 22 9 8 10 2 20 23 23 1 20 21 11 15 4 11 17 18 8 17 17 14 8 14 9 15
6 18 12 5 12 9 9 6 10 9 14 8 8 8 10 4 14 9 4 15 6 22 14 11 15 6 13 9 7 8 10 15 0 7 6 15 14 9 11 8 7 9 18 7 19 13 7 19 14 9 9 12 10 11 18 5 8 7 11 10 2 12 17 21 3 8 13 11 4 7 3 14 3 11 8 10 11 8 16 5 16 6 9 14 15 6 12 5 6 18 9 5 12 18 4 8 9 14 3 7 5
2 12 10 6 15 14 5 2 6 14 10 14 14 10 4 10 8 9 3 11 13 16 8 16 18 3 8 15 12 7 4 8 7 0 10 9 16 7 9 12 11 3 12 13 13 11 12 13 11 15 9 13 4 16 13 3 9 11 11 8 6 10 10 14 7 6 11 5 5 14 10 8 4 5 12 16 15 5 11 3 9 13 15 17 9 12 15 4 9 12 7 9 13 13 9 10 9 10 6 4 9
8 21 10 10 7 13 9 9 14 12 19 7 11 4 14 6 15 15 8 15 6 22 16 6 10 8 17 12 12 6 12 17 6 10 0 18 9 7 9 3 12 13 22 3 20 10 2 21 19 5 7 8 12 6 18 9 5 12 8 15 7 17 19 22 9 13 18 14 9 9 5 17 7 13 3 13 6 9 20 9 18 7 8 9 18 10 7 7 2 20 14 10 7 19 8 13 15 14 8 12 2
10 5 14 13 22 21 11 9 9 20 9 22 21 17 5 18 7 12 11 11 21 11 4 24 25 11 4 23 18 14 7 3 15 9 18 0 22 13 14 20 18 6 5 21 9 16 19 6 10 23 15 19 7 24 11 11 15 17 16 10 13 12 4 9 14 11 12 5 12 21 18 1 12 6 20 23 23 11 5 11 3 21 23 24 3 19 23 12 17 5 10 16 20 10 17 16 13 11 14 9 16
15 24 10 18 5 21 12 15 22 21 26 14 20 7 19 14 17 23 15 15 14 23 19 9 4 13 23 20 20 10 16 21 14 16 9 22 0 10 9 8 21 19 27 10 21 7 10 23 26 10 8 4 16 9 17 16 8 21 7 23 15 25 22 23 17 21 26 20 17 17 14 21 14 16 9 21 7 12 26 16 21 15 15 4 21 18 5 13 9 23 22 19 3 19 16 22 23 14 17 19 10
6 15 4 11 10 17 2 6 13 17 16 13 16 6 9 11 9 15 7 8 13 16 10 13 13 4 13 17 15 2 6 11 9 7 7 13 10 0 3 9 15 10 17 10 13 5 9 14 17 12 3 7 6 13 11 8 3 15 4 14 8 17 13 15 11 12 17 11 10 15 10 12 6 7 9 18 11 3 16 8 12 13 14 12 12 14 11 5 6 14 13 13 7 12 12 15 15 7 10 10 6
8 16 2 13 10 19 5 8 15 19 19 15 18 6 11 13 9 17 10 7 14 15 11 13 12 7 15 19 18 4 8 13 11 9 9 14 9 3 0 9 18 12 19 11 13 2 10 15 20 12 3 5 8 13 10 11 4 17 2 17 11 19 14 16 13 15 19 13 12 16 12 13 9 9 10 20 11 5 18 10 13 15 16 11 13 17 10 8 7 15 16 15 6 12 14 18 18 6 13 13 8
11 23 11 12 4 14 10 11 17 14 21 7 12 4 16 7 17 17 10 16 7 24 18 4 8 10 19 13 14 7 14 19 8 12 3 20 8 9 9 0 14 15 24 3 21 10 2 23 22 4 7 7 14 4 19 11 6 14 9 18 9 20 21 24 11 16 20 17 12 10 7 19 9 15 2 14 4 10 23 11 20 8 8 7 20 11 4 9 4 22 17 12 6 20 10 15 17 15 11 14 4
11 22 19 6 18 4 15 11 10 3 13 10 5 15 14 7 19 7 9 21 9 27 18 15 21 12 15 6 1 14 15 18 7 11 12 18 21 15 18 14 0 12 19 12 24 19 12 23 13 14 16 19 15 15 24 9 15 1 18 9 8 9 20 25 5 8 10 13 7 7 8 17 9 16 13 7 16 15 17 9 20 8 11 20 19 4 18 11 12 22 9 3 18 24 5 3 6 20 6 9 12
5 10 12 7 18 15 8 5 4 14 7 16 15 13 2 12 9 8 6 12 15 16 7 19 21 6 5 17 12 10 6 7 9 3 13 6 19 10 12 15 12 0 9 15 13 14 14 11 8 17 12 16 5 19 13 5 11 11 13 6 8 9 9 14 8 5 8 2 6 15 12 6 7 6 15 17 18 8 8 5 8 15 17 20 7 13 18 7 12 11 5 10 16 13 11 10 8 11 8 3 11
14 7 18 15 27 23 15 13 10 22 8 25 23 22 9 21 11 13 14 15 24 14 9 27 29 15 5 25 20 18 12 7 18 12 22 5 27 17 19 24 19 9 0 24 12 21 23 9 8 26 19 23 12 27 15 14 19 18 20 11 16 12 7 11 16 12 11 8 15 24 21 6 16 11 24 25 27 15 3 14 7 23 26 29 7 21 27 16 20 8 11 18 24 14 20 17 14 15 16 11 20
11 23 13 11 6 12 11 12 16 12 21 5 11 5 16 6 18 16 10 17 5 25 19 4 9 10 19 11 12 9 15 20 7 13 3 21 10 10 11 3 12 15 24 0 23 12 2 24 21 3 9 9 14 4 20 11 8 13 11 17 9 19 22 25 10 15 19 17 11 8 5 20 9 15 2 12 4 11 23 11 21 6 6 8 20 10 6 9 5 23 16 11 8 21 8 14 16 16 10 14 5
14 6 12 18 22 27 12 13 16 26 17 26 26 18 11 22 5 20 16 7 24 3 6 25 24 13 12 28 24 15 9 7 19 13 20 9 21 13 13 21 24 13 12 23 0 14 22 4 18 25 15 17 10 25 4 16 16 23 14 18 18 20 6 3 19 17 20 12 18 26 22 8 16 9 22 29 24 12 13 15 6 24 27 24 7 25 23 15 18 5 17 22 19 3 22 22 20 8 19 15 19
10 17 3 15 9 21 7 10 17 21 21 16 20 7 13 14 11 19 12 8 15 16 13 13 11 9 17 20 19 6 10 14 13 11 10 16 7 5 2 10 19 14 21 12 14 0 11 16 22 13 4 4 10 13 11 12 5 19 2 19 12 21 16 17 15 17 21 15 14 18 13 15 11 10 11 22 11 7 20 12 15 16 17 10 15 18 10 9 8 16 18 17 5 12 15 20 20 7 14 15 9
10 22 12 11 6 12 10 10 16 12 20 6 11 5 15 5 17 15 9 16 5 24 18 5 10 9 18 11 12 8 13 19 7 12 2 19 10 9 10 2 12 14 23 2 22 11 0 22 20 4 8 9 13 5 19 10 7 12 10 16 8 18 21 24 9 14 19 16 10 8 5 19 8 14 1 12 5 10 22 10 20 6 6 9 19 9 6 8 4 22 15 10 8 20 8 14 15 15 9 13 4
14 2 14 18 24 26 13 13 14 25 15 26 26 20 10 22 6 18 15 10 25 6 5 26 27 14 10 27 23 16 10 5 19 13 21 6 23 14 15 23 23 11 9 24 4 16 22 0 15 26 16 20 10 26 8 15 17 22 17 16 18 18 3 3 19 16 17 11 17 26 22 6 16 9 23 28 25 13 10 15 4 25 27 26 5 24 24 15 19 1 16 21 21 6 22 21 19 10 18 14 19
12 14 20 10 25 16 16 12 5 16 1 21 17 20 9 17 15 7 12 19 19 20 13 24 28 14 6 19 14 17 13 12 14 11 19 10 26 17 20 22 13 8 8 21 18 22 20 15 0 23 19 23 13 24 20 11 19 12 21 5 13 4 13 18 12 7 3 7 10 19 17 10 13 13 21 19 25 15 6 11 12 19 22 27 12 16 25 14 18 14 6 13 23 19 15 10 7 18 12 8 18
13 25 14 13 6 13 13 14 19 13 23 5 12 7 18 7 20 18 13 19 6 27 21 2 8 13 22 11 13 11 17 22 9 15 5 23 10 12 12 4 14 17 26 3 25 13 4 26 23 0 10 10 16 2 22 13 9 14 12 19 11 21 24 27 12 17 22 19 13 8 7 22 11 18 3 13 3 13 25 13 23 7 6 8 22 11 5 11 7 25 18 12 9 23 10 16 18 18 12 16 7
7 17 4 12 8 17 5 8 15 17 18 13 16 4 11 11 11 16 9 9 12 17 12 11 11 6 15 17 16 2 8 13 9 9 7 15 8 3 3 7 16 12 19 9 15 4 8 16 19 10 0 4 8 11 12 9 2 16 3 16 9 18 15 17 12 14 19 13 11 14 10 14 8 9 8 18 10 5 19 9 14 13 14 10 14 15 9 6 5 16 15 14 5 13 12 16 16 8 11 12 6
11 20 6 15 6 20 8 12 19 20 22 14 18 5 15 13 14 20 12 11 13 19 16 10 8 10 19 19 19 6 12 17 12 13 8 19 4 7 5 7 19 16 23 9 17 4 9 20 23 10 4 0 12 10 14 13 5 19 4 20 12 22 18 20 15 18 22 17 15 16 12 18 11 13 8 20 8 9 22 13 18 14 14 7 18 17 6 10 7 19 19 16 2 16 15 19 20 10 14 16 8
5 10 8 9 16 18 4 4 9 17 12 17 17 11 4 13 5 12 6 7 15 12 5 17 19 4 8 19 15 7 1 6 10 4 12 7 16 6 8 14 15 5 12 14 10 10 13 10 13 16 8 12 0 17 9 7 8 14 9 11 9 13 8 11 10 10 13 6 9 17 12 6 7 2 14 20 16 4 11 6 7 15 18 18 7 15 16 6 10 9 10 13 13 9 13 14 12 6 10 7 10
14 26 14 15 5 14 14 15 20 14 24 6 13 7 19 9 21 19 14 19 7 27 22 1 8 13 23 12 14 11 17 23 11 16 6 24 9 13 13 4 15 19 27 4 25 13 5 26 24 2 11 10 17 0 23 14 10 15 12 20 12 22 25 27 13 18 23 20 14 9 8 23 12 18 4 13 3 14 26 14 24 8 6 7 23 12 5 12 8 26 19 13 9 24 11 17 19 18 13 17 8
13 9 9 18 19 26 10 13 17 26 19 24 25 16 12 21 5 20 15 4 23 6 7 23 21 12 14 27 24 12 9 9 18 13 18 11 17 11 10 19 24 13 15 20 4 11 19 8 20 22 12 14 9 23 0 15 13 23 11 19 17 21 9 7 19 18 21 13 17 24 20 10 15 8 19 28 21 10 16 15 9 23 25 20 9 24 20 14 16 8 18 21 15 2 21 23 21 5 18 15 16
3 14 11 4 15 12 7 3 6 11 10 12 11 10 6 8 11 7 1 13 10 18 10 14 18 4 9 13 9 8 7 11 5 3 9 11 16 8 11 11 9 5 14 11 16 12 10 15 11 13 9 13 7 14 15 0 9 8 11 7 3 10 13 17 4 5 10 6 3 11 8 10 3 8 11 14 14 6 12 1 12 10 13 17 11 9 15 4 8 14 6 7 13 15 7 8 8 12 4 3 8
7 17 5 11 8 16 5 7 14 16 18 12 15 3 11 10 11 15 8 10 11 18 13 10 11 6 15 16 15 2 9 14 8 9 5 15 8 3 4 6 15 11 19 8 16 5 7 17 19 9 2 5 8 10 13 9 0 15 4 15 8 18 16 18 11 13 18 13 10 13 9 14 7 9 7 17 9 5 19 9 15 11 12 10 14 13 8 6 4 17 14 12 5 14 11 15 16 9 10 11 4
11 21 18 5 18 5 14 11 9 4 12 10 5 14 13 7 19 6 9 21 9 26 18 15 21 12 14 7 2 14 15 18 7 11 12 17 21 15 17 14 1 11 18 13 23 19 12 22 12 14 16 19 14 15 23 8 15 0 18 8 7 9 20 24 5 7 10 12 6 8 8 17 9 15 13 7 16 14 16 9 19 8 11 20 18 4 18 10 12 21 8 3 18 23 5 2 6 20 5 9 12
9 17 3 14 9 20 6 10 17 19 20 15 18 6 13 13 11 18 11 8 14 16 13 12 11 8 17 19 18 5 9 14 11 11 8 16 7 4 2 9 18 13 20 11 14 2 10 17 21 12 3 4 9 12 11 11 4 18 0 18 11 20 15 17 14 16 21 14 13 16 12 15 10 10 10 21 10 6 20 11 15 15 16 10 15 17 9 8 7 16 17 16 5 13 14 18 19 7 13 14 8
9 14 17 6 21 12 13 9 2 12 4 17 13 16 7 13 14 3 8 17 15 20 12 20 25 11 7 15 10 14 11 12 10 8 15 10 23 14 17 18 9 6 11 17 18 19 16 16 5 19 16 20 11 20 19 7 15 8 18 0 9 3 13 18 8 3 3 6 6 15 13 10 9 11 17 15 21 12 9 7 12 15 18 24 12 12 21 10 15 15 1 9 20 18 11 7 3 16 8 5 14
5 17 12 4 13 10 8 5 8 9 12 9 9 8 9 5 13 8 3 14 8 21 13 12 16 5 12 10 8 7 9 13 2 6 7 13 15 8 11 9 8 8 16 9 18 12 8 18 13 11 9 12 9 12 17 3 8 7 11 9 0 11 15 19 3 7 11 9 3 9 5 13 2 10 9 11 12 8 15 3 14 8 10 15 14 7 13 4 6 17 8 5 12 17 5 8 8 13 2 6 6
12 16 20 8 23 12 15 11 5 12 5 18 13 19 10 14 17 3 10 20 16 23 15 22 27 13 9 15 10 17 14 14 12 10 17 12 25 17 19 20 9 9 12 19 20 21 18 18 4 21 18 22 13 22 21 10 18 9 20 3 11 0 15 20 9 5 2 8 8 15 14 12 12 14 19 15 22 15 10 10 15 16 19 26 14 12 23 13 17 17 4 9 22 21 12 7 3 19 10 7 16
12 2 13 15 23 23 11 11 12 23 12 24 23 18 7 20 6 15 13 9 22 8 3 25 25 12 7 25 21 14 8 3 17 10 19 4 22 13 14 21 20 9 7 22 6 16 21 3 13 24 15 18 8 25 9 13 16 20 15 13 15 15 0 5 16 13 15 8 14 23 20 4 14 7 21 26 24 11 8 13 1 22 25 25 2 22 23 13 17 2 13 19 19 7 19 19 16 9 16 11 17
15 5 14 20 25 28 14 15 17 27 17 27 28 20 12 24 7 20 17 9 26 3 7 27 27 15 12 29 25 17 11 7 21 14 22 9 23 15 16 24 25 14 11 25 3 17 24 3 18 27 17 20 11 27 7 17 18 24 17 18 19 20 5 0 21 18 20 13 19 27 23 8 18 10 24 30 26 14 13 17 6 26 28 26 7 26 25 17 20 4 18 23 21 5 23 23 21 10 20 16 21
6 18 14 2 15 8 10 7 7 7 11 10 8 11 9 6 15 6 4 16 8 22 14 13 18 7 12 9 6 10 11 14 3 7 9 14 17 11 13 11 5 8 16 10 19 15 9 19 12 12 12 15 10 13 19 4 11 5 14 8 3 9 16 21 0 6 10 9 2 8 6 13 5 11 10 10 14 10 15 4 15 8 11 17 15 6 15 6 9 18 7 3 15 19 4 5 6 15 1 6 8
7 15 16 4 19 11 11 7 3 11 6 15 12 14 7 11 13 3 6 16 13 20 12 18 22 9 7 13 9 12 10 12 8 6 13 11 21 12 15 16 8 5 12 15 17 17 14 16 7 17 14 18 10 18 18 5 13 7 16 3 7 5 13 18 6 0 5 6 4 13 11 10 7 10 15 14 18 11 10 5 13 13 16 21 12 10 19 8 13 15 2 7 18 18 9 6 3 15 6 3 12
12 16 20 9 24 13 15 12 5 13 4 19 14 19 10 15 16 4 11 20 17 22 14 23 27 13 8 16 11 17 13 13 13 11 18 12 26 17 19 20 10 8 11 19 20 21 19 17 3 22 19 22 13 23 21 10 18 10 21 3 11 2 15 20 10 5 0 8 9 16 15 12 12 13 20 16 23 15 9 10 14 17 20 26 13 13 24 13 17 16 4 10 23 20 13 8 4 19 10 7 17
7 10 13 8 20 16 9 6 4 15 6 18 16 15 2 14 9 8 7 12 16 15 7 20 23 8 3 18 13 11 6 6 11 5 14 5 20 11 13 17 13 2 8 17 12 15 16 11 7 19 13 17 6 20 13 6 13 12 14 6 9 8 8 13 9 6 8 0 7 17 14 5 8 6 17 19 20 9 6 6 7 16 19 22 7 15 20 8 13 10 5 11 17 13 12 11 8 12 9 4 13
5 16 13 1 15 10 9 5 6 9 10 11 9 11 8 7 13 6 3 15 10 20 12 15 19 6 10 11 7 9 9 12 4 5 9 12 17 10 12 12 7 6 15 11 18 14 10 17 10 13 11 15 9 14 17 3 10 6 13 6 3 8 14 19 2 4 9 7 0 10 7 12 4 10 11 12 15 9 13 3 14 9 12 18 13 8 16 5 9 16 5 5 15 18 5 6 6 14 2 4 8
13 25 18 10 13 6 15 13 15 6 18 4 4 12 17 4 21 13 11 22 3 29 21 9 16 13 19 4 6 13 17 21 7 14 9 21 17 15 16 10 7 15 24 8 26 18 8 26 19 8 14 16 17 9 24 11 13 8 16 15 9 15 23 27 8 13 16 17 10 0 5 21 10 18 9 5 11 15 22 11 23 2 4 15 22 4 13 11 10 25 14 7 15 25 5 9 13 20 8 13 9
9 21 13 7 10 8 10 9 12 8 16 5 7 8 13 1 17 12 7 17 3 24 17 8 14 9 16 8 7 9 13 18 3 10 5 18 14 10 12 7 8 12 21 5 22 13 5 22 17 7 10 12 12 8 20 8 9 8 12 13 5 14 20 23 6 11 15 14 7 5 0 17 6 14 6 9 9 10 19 8 19 3 6 13 18 5 10 7 6 21 12 6 11 21 4 9 12 16 5 10 5
9 5 13 12 22 21 10 9 9 20 9 21 21 17 5 17 6 12 10 10 20 11 3 23 24 10 4 22 18 13 6 2 14 8 17 1 21 12 13 19 17 6 6 20 8 15 19 6 10 22 14 18 6 23 10 10 14 17 15 10 13 12 4 8 13 10 12 5 12 21 17 0 12 5 19 23 22 10 6 10 3 20 23 23 2 19 22 11 16 5 10 16 19 9 16 16 13 10 13 8 16
3 16 10 5 12 12 6 3 8 11 13 10 11 8 8 7 11 9 2 12 9 19 11 12 16 3 11 12 10 6 7 12 3 4 7 12 14 6 9 9 9 7 16 9 16 11 8 16 13 11 8 11 7 12 15 3 7 9 10 9 2 12 14 18 5 7 12 8 4 10 6 12 0 8 9 13 12 6 14 3 13 9 11 15 12 9 13 2 6 15 8 7 11 16 6 9 9 11 4 6 5
6 8 8 10 17 19 5 5 9 18 12 18 18 12 4 14 4 13 8 7 17 11 4 18 19 6 8 20 16 8 1 5 11 5 13 6 16 7 9 15 16 6 11 15 9 10 14 9 13 18 9 13 2 18 8 8 9 15 10 11 10 14 7 10 11 10 13 6 10 18 14 5 8 0 15 21 17 5 11 7 6 17 19 19 5 16 17 7 11 8 10 14 14 8 14 15 13 6 11 8 11
11 23 12 12 5 13 11 11 16 13 21 6 11 4 16 6 17 16 10 16 6 24 18 4 9 10 19 12 13 8 14 19 8 12 3 20 9 9 10 2 13 15 24 2 22 11 1 23 21 3 8 8 14 4 19 11 7 13 10 17 9 19 21 24 10 15 20 17 11 9 6 19 9 15 0 13 4 11 23 11 20 7 7 8 20 10 5 9 4 22 16 11 7 21 9 15 16 15 10 14 4
16 27 22 11 17 3 18 16 16 4 19 8 3 16 19 8 24 13 14 25 7 32 24 13 20 16 21 2 6 17 20 24 10 16 13 23 21 18 20 14 7 17 25 12 29 22 12 28 19 13 18 20 20 13 28 14 17 7 21 15 11 15 26 30 10 14 16 19 12 5 9 23 13 21 13 0 15 18 23 14 25 7 8 20 24 5 17 15 14 28 15 8 19 28 7 9 13 24 10 15 13
14 25 13 15 3 16 13 14 20 16 24 8 14 6 19 10 19 20 13 18 9 26 21 3 6 13 22 14 16 10 17 22 11 15 6 23 7 11 11 4 16 18 27 4 24 11 5 25 25 3 10 8 16 3 21 14 9 16 10 21 12 22 24 26 14 18 23 20 15 11 9 22 12 17 4 15 0 13 26 14 23 9 8 5 22 13 3 12 7 25 20 14 7 22 12 18 20 17 13 17 7
4 13 5 9 12 17 1 4 11 16 14 14 16 8 7 11 7 13 6 7 13 14 8 14 15 3 11 17 15 4 4 9 8 5 9 11 12 3 5 10 15 8 15 11 12 7 10 13 15 13 5 9 4 14 10 6 5 14 6 12 8 15 11 14 10 11 15 9 9 15 10 10 6 5 11 18 13 0 14 6 10 13 15 14 10 14 13 4 7 12 11 12 10 11 11 14 13 6 9 8 7
13 9 18 13 26 20 15 12 8 20 6 24 21 21 8 19 12 11 13 16 22 15 9 26 29 14 4 23 18 17 11 8 16 11 20 5 26 16 18 23 17 8 3 23 13 20 22 10 6 25 19 22 11 26 16 12 19 16 20 9 15 10 8 13 15 10 9 6 13 22 19 6 14 11 23 23 26 14 0 12 8 22 24 28 7 20 26 14 19 9 9 16 23 15 18 15 11 15 15 9 19
3 14 11 4 15 12 7 3 6 11 10 12 11 10 6 8 11 7 1 13 11 18 10 14 18 4 9 13 9 7 7 10 5 3 9 11 16 8 10 11 9 5 14 11 15 12 10 15 11 13 9 13 6 14 15 1 9 9 11 7 3 10 13 17 4 5 10 6 3 11 8 10 3 7 11 14 14 6 12 0 12 10 13 17 11 10 15 3 8 14 6 7 13 15 7 8 8 12 4 3 8
11 3 13 14 22 23 11 10 11 22 12 23 22 17 6 19 5 15 12 9 22 8 3 24 25 11 7 24 20 13 7 2 16 9 18 3 21 12 13 20 20 8 7 21 6 15 20 4 12 23 14 18 7 24 9 12 15 19 15 12 14 15 1 6 15 13 14 7 14 23 19 3 13 6 20 25 23 10 8 12 0 22 24 24 1 21 22 12 17 3 12 18 19 7 18 18 15 9 15 11 17
11 24 16 9 11 7 13 12 15 7 18 3 5 10 16 3 20 13 10 20 1 27 20 8 14 12 19 6 7 12 16 20 6 13 7 21 15 13 15 8 8 15 23 6 24 16 6 25 19 7 13 14 15 8 23 10 11 8 15 15 8 16 22 26 8 13 17 16 9 2 3 20 9 17 7 7 9 13 22 10 22 0 3 14 21 5 11 10 8 24 14 7 13 24 5 10 13 19 8 13 7
14 27 17 12 11 9 15 14 17 9 21 2 7 10 19 6 22 16 13 22 3 29 22 6 13 14 21 7 10 13 18 23 9 15 8 23 15 14 16 8 11 17 26 6 27 17 6 27 22 6 14 14 18 6 25 13 12 11 16 18 10 19 25 28 11 16 20 19 12 4 6 23 11 19 7 8 8 15 24 13 24 3 0 13 23 7 10 12 9 26 17 10 13 26 7 13 16 21 10 16 9
16 26 12 18 3 20 14 16 23 20 27 12 18 8 21 14 20 23 16 18 13 26 22 7 2 15 24 18 20 11 18 23 14 17 9 24 4 12 11 7 20 20 29 8 24 10 9 26 27 8 10 7 18 7 20 17 10 20 10 24 15 26 25 26 17 21 26 22 18 15 13 23 15 19 8 20 5 14 28 17 24 14 13 0 23 17 3 14 9 25 23 18 6 22 16 22 23 17 17 20 10
10 4 12 13 22 22 10 9 10 21 11 22 22 17 6 18 5 14 11 9 21 9 2 23 24 10 6 23 19 13 6 1 15 9 18 3 21 12 13 20 19 7 7 20 7 15 19 5 12 22 14 18 7 23 9 11 14 18 15 12 14 14 2 7 15 12 13 7 13 22 18 2 12 5 20 24 22 10 7 11 1 21 23 23 0 20 22 12 16 4 12 17 18 8 18 17 14 9 14 10 16
11 23 18 7 15 3 14 12 12 3 16 7 2 13 15 5 20 10 9 21 5 27 19 12 18 12 17 4 3 13 16 20 6 12 10 19 18 14 17 11 4 13 21 10 25 18 9 24 16 11 15 17 15 12 24 9 13 4 17 12 7 12 22 26 6 10 13 15 8 4 5 19 9 16 10 5 13 14 20 10 21 5 7 17 20 0 15 10 11 23 11 4 16 24 3 6 10 20 6 11 10
14 25 12 16 1 18 12 14 20 18 25 10 16 6 19 11 19 21 14 17 11 25 20 5 4 13 22 16 17 10 16 21 12 15 7 23 5 11 10 4 18 18 27 6 23 10 6 24 25 5 9 6 16 5 20 15 8 18 9 21 13 23 23 25 15 19 24 20 16 13 10 22 13 17 5 17 3 13 26 15 22 11 10 3 22 15 0 12 7 24 20 16 5 21 13 19 21 16 14 18 8
2 15 9 6 12 13 5 3 9 12 13 11 12 7 7 7 10 10 3 11 10 18 11 12 15 2 11 13 11 4 6 11 5 4 7 12 13 5 8 9 11 7 16 9 15 9 8 15 14 11 6 10 6 12 14 4 6 10 8 10 4 13 13 17 6 8 13 8 5 11 7 11 2 7 9 15 12 4 14 3 12 10 12 14 12 10 12 0 5 15 9 8 10 14 8 11 11 10 5 6 5
7 19 9 9 7 13 7 8 14 13 18 8 12 3 12 7 14 14 7 13 8 21 15 8 10 6 16 13 12 4 10 15 6 9 2 17 9 6 7 4 12 12 20 5 18 8 4 19 18 7 5 7 10 8 16 8 4 12 7 15 6 17 17 20 9 13 17 13 9 10 6 16 6 11 4 14 7 7 19 8 17 8 9 9 16 11 7 5 0 19 14 10 7 17 8 13 14 12 8 11 1
13 2 14 17 24 25 12 12 14 25 14 25 25 19 9 22 6 17 15 9 24 6 5 26 26 13 9 27 23 15 9 4 18 12 20 5 23 14 15 22 22 11 8 23 5 16 22 1 14 25 16 19 9 26 8 14 17 21 16 15 17 17 2 4 18 15 16 10 16 25 21 5 15 8 22 28 25 12 9 14 3 24 26 25 4 23 24 15 19 0 15 20 20 7 21 20 18 10 18 13 19
8 14 16 5 20 12 12 8 2 11 5 16 13 15 7 12 14 3 7 17 14 20 12 19 24 10 7 14 9 13 10 11 9 7 14 10 22 13 16 17 9 5 11 16 17 18 15 16 6 18 15 19 10 19 18 6 14 8 17 1 8 4 13 18 7 2 4 5 5 14 12 10 8 10 16 15 20 11 9 6 12 14 17 23 12 11 20 9 14 15 0 8 19 18 10 6 3 16 7 4 13
9 20 16 4 16 5 12 9 9 5 12 9 5 12 12 5 17 7 7 19 7 25 16 14 19 10 13 7 3 12 13 17 5 9 10 16 19 13 15 12 3 10 18 11 22 17 10 21 13 12 14 16 13 13 21 7 12 3 16 9 5 9 19 23 3 7 10 11 5 7 6 16 7 14 11 8 14 12 16 7 18 7 10 18 17 4 16 8 10 20 8 0 16 22 3 4 7 18 3 8 9
12 21 7 15 5 19 9 12 19 19 23 13 18 4 16 12 15 20 12 12 13 21 17 9 6 10 20 18 18 7 13 18 12 13 7 20 3 7 6 6 18 16 24 8 19 5 8 21 23 9 5 2 13 9 15 13 5 18 5 20 12 22 19 21 15 18 23 17 15 15 11 19 11 14 7 19 7 10 23 13 19 13 13 6 18 16 5 10 7 20 19 16 0 17 14 19 20 12 14 16 7
13 8 10 18 21 26 11 13 17 26 18 25 26 17 11 21 5 20 15 5 24 4 7 24 23 13 13 27 24 13 9 8 18 13 19 10 19 12 12 20 24 13 14 21 3 12 20 6 19 23 13 16 9 24 2 15 14 23 13 18 17 21 7 5 19 18 20 13 18 25 21 9 16 8 21 28 22 11 15 15 7 24 26 22 8 24 21 14 17 7 18 22 17 0 21 23 21 6 19 15 17
9 21 15 5 13 6 12 9 11 6 14 7 5 10 12 3 17 9 7 18 5 25 17 11 17 9 15 6 5 11 13 17 4 9 8 17 16 12 14 10 5 11 20 8 22 15 8 22 15 10 12 15 13 11 21 7 11 5 14 11 5 12 19 23 4 9 13 12 5 5 4 16 6 14 9 7 12 11 18 7 18 5 7 16 18 3 13 8 8 21 10 3 14 21 0 6 9 17 4 9 7
11 20 19 5 19 6 14 11 8 6 10 12 7 15 12 9 18 4 9 20 11 25 17 17 23 12 13 9 4 14 14 17 8 10 13 16 22 15 18 15 3 10 17 14 22 20 14 21 10 16 16 19 14 17 23 8 15 2 18 7 8 7 19 23 5 6 8 11 6 9 9 16 9 15 15 9 18 14 15 8 18 10 13 22 17 6 19 11 13 20 6 4 19 23 6 0 4 19 6 8 13
10 17 18 5 21 10 14 10 5 9 7 15 11 16 10 11 16 1 8 19 13 23 15 19 24 11 10 12 7 15 13 14 9 9 15 13 23 15 18 17 6 8 14 16 20 20 15 19 7 18 16 20 12 19 21 8 16 6 19 3 8 3 16 21 6 3 4 8 6 13 12 13 9 13 16 13 20 13 11 8 15 13 16 23 14 10 21 11 14 18 3 7 20 21 9 4 0 18 7 6 14
9 11 5 15 15 22 6 9 15 22 17 20 22 11 10 17 4 18 11 2 19 10 7 19 17 8 13 23 20 8 6 8 14 10 14 11 14 7 6 15 20 11 15 16 8 7 15 10 18 18 8 10 6 18 5 12 9 20 7 16 13 19 9 10 15 15 19 12 14 20 16 10 11 6 15 24 17 6 15 12 9 19 21 17 9 20 16 10 12 10 16 18 12 6 17 19 18 0 15 13 12
6 18 13 2 14 8 9 6 8 8 12 9 8 10 9 5 14 7 4 16 8 22 14 13 18 7 12 9 6 9 10 14 3 6 8 14 17 10 13 11 6 8 16 10 19 14 9 18 12 12 11 14 10 13 18 4 10 5 13 8 2 10 16 20 1 6 10 9 2 8 5 13 4 11 10 10 13 9 15 4 15 8 10 17 14 6 14 5 8 18 7 3 14 19 4 6 7 15 0 6 7
5 13 13 4 17 13 9 5 3 12 7 15 13 13 5 10 11 6 4 14 13 18 10 17 21 6 6 14 10 10 7 9 7 4 12 9 19 10 13 14 9 3 11 14 15 15 13 14 8 16 12 16 7 17 15 3 11 9 14 5 6 7 11 16 6 3 7 4 4 13 10 8 6 8 14 15 17 8 9 3 11 13 16 20 10 11 18 6 11 13 4 8 16 15 9 8 6 13 6 0 11
7 19 9 9 8 13 7 8 13 12 17 8 11 3 12 6 14 14 7 13 7 21 15 8 11 6 16 12 11 5 10 15 5 9 2 16 10 6 8 4 12 11 20 5 19 9 4 19 18 7 6 8 10 8 16 8 4 12 8 14 6 16 17 21 8 12 17 13 8 9 5 16 5 11 4 13 7 7 19 8 17 7 9 10 16 10 8 5 1 19 13 9 7 17 7 13 14 12 7 11 0
0 32 21 14 33 33 10 2 19 32 28 31 32 21 13 22 22 23 5 26 28 41 22 35 41 4 22 35 28 13 12 23 14 5 20 25 36 13 20 26 27 12 34 27 34 25 24 34 30 32 18 27 11 34 32 7 17 26 23 22 11 28 28 38 15 18 29 16 12 31 21 23 6 14 26 38 33 9 31 6 26 28 34 39 24 27 34 5 17 32 20 21 28 33 21 26 24 23 14 12 17
32 0 36 41 60 62 32 31 32 60 32 63 62 48 21 53 16 41 36 25 60 18 12 65 66 33 20 66 55 39 23 10 45 29 51 11 58 36 38 56 54 25 17 58 13 42 55 5 33 63 41 49 23 65 22 35 42 52 42 35 42 40 5 11 44 36 39 23 39 62 52 12 38 20 56 68 63 31 21 35 7 59 66 64 9 57 61 37 47 3 35 50 52 18 51 49 43 26 43 32 47
21 36 0 34 27 51 11 22 38 50 47 40 48 18 28 35 20 44 26 13 39 34 25 36 32 18 37 51 46 12 18 29 29 24 25 34 23 9 4 27 46 30 45 31 29 6 28 34 48 34 10 14 18 35 21 27 13 45 7 42 29 49 32 35 34 38 49 32 32 44 33 31 24 19 28 54 31 13 44 27 31 39 43 30 30 44 28 21 21 34 40 40 17 24 37 46 45 11 33 32 22
14 41 34 0 39 22 24 14 14 20 24 27 21 28 20 17 34 12 9 39 23 52 32 36 47 17 25 25 15 24 24 32 11 14 24 31 44 26 32 30 14 16 36 28 45 37 26 43 25 33 29 37 23 36 44 8 27 13 34 15 8 19 37 48 4 9 21 19 3 23 17 30 11 25 28 28 37 23 32 9 35 22 29 45 33 17 39 14 23 41 12 9 37 45 12 12 13 36 5 10 21
33 60 27 39 0 44 29 34 50 44 60 25 39 13 45 27 45 51 34 40 26 61 49 12 9 30 55 40 43 22 39 52 29 37 16 55 11 25 24 10 44 45 66 14 55 22 15 60 61 13 20 14 38 12 48 36 18 44 21 52 31 57 56 61 36 47 59 48 38 32 25 53 30 41 12 43 7 30 63 36 54 27 26 7 53 37 1 29 17 59 50 38 11 51 33 47 51 38 35 43 18
33 62 51 22 44 0 42 34 32 2 39 21 5 38 41 18 54 25 29 58 19 73 53 35 52 36 44 8 7 39 44 53 22 35 31 52 52 42 48 34 9 37 56 30 66 51 30 64 40 33 43 49 43 35 64 28 40 11 49 30 24 30 58 69 19 27 33 39 23 13 20 51 28 46 32 8 39 41 50 29 56 17 22 49 54 8 44 32 33 62 29 13 47 65 14 15 24 55 20 31 31
10 32 11 24 29 42 0 11 28 41 36 35 40 17 18 27 17 33 15 17 32 35 20 34 36 7 28 43 37 8 10 23 21 13 21 27 29 5 11 25 36 19 37 27 29 16 25 32 38 32 11 20 10 34 24 16 11 35 14 31 19 38 28 34 24 27 38 22 22 37 25 24 14 12 26 45 32 2 36 16 26 33 37 34 25 35 30 11 16 30 29 30 22 26 28 35 34 14 23 21 17
2 31 22 14 34 34 11 0 18 33 27 33 33 22 12 23 21 23 6 25 29 39 20 36 42 5 21 37 29 14 10 22 15 3 22 23 37 14 20 27 28 11 32 28 33 25 25 32 29 34 19 28 9 36 31 7 18 27 23 21 12 28 27 36 16 17 28 14 12 32 22 21 8 12 27 39 35 10 29 6 24 29 35 40 23 29 35 7 19 30 19 22 29 32 22 26 24 22 15 11 18
19 32 38 14 50 32 28 18 0 31 11 41 33 38 14 30 30 9 17 38 36 46 26 49 58 22 13 37 26 31 23 24 23 15 35 21 54 31 38 41 24 10 24 40 40 43 38 35 12 46 36 46 22 49 42 15 35 22 41 4 20 11 29 41 18 6 11 10 14 36 30 21 20 23 40 39 49 26 19 15 27 36 43 56 25 30 50 22 34 33 4 21 46 41 26 18 11 36 18 8 32
32 60 50 20 44 2 41 33 31 0 38 22 6 37 40 18 53 23 27 57 19 72 51 36 52 35 43 9 5 38 43 51 21 33 30 50 52 41 47 34 7 35 54 30 65 51 30 63 38 33 42 48 42 35 63 27 39 9 48 29 22 29 56 68 18 26 31 38 22 13 20 49 27 45 32 9 39 40 49 28 54 17 22 49 52 7 44 30 32 61 28 11 47 64 13 13 22 54 19 29 30
28 32 47 24 60 39 36 27 11 38 0 50 41 48 20 40 35 15 27 44 46 48 29 59 68 32 13 45 33 41 30 27 34 25 46 22 63 40 46 52 31 18 19 51 42 51 48 36 2 56 45 55 29 59 47 25 44 29 50 10 30 11 29 42 27 15 8 15 24 45 40 23 31 29 51 47 59 35 13 25 28 45 52 66 27 38 61 32 44 34 12 30 56 45 35 25 16 43 28 18 43
31 63 40 27 25 21 35 33 41 22 50 0 17 23 43 11 51 37 28 51 5 70 52 15 32 31 50 16 23 29 42 54 19 35 16 55 34 33 37 17 24 40 62 11 63 39 13 64 51 12 31 33 41 15 59 29 28 25 36 41 22 44 59 68 23 36 46 44 27 9 11 53 25 44 14 19 19 35 58 30 57 6 3 30 55 16 24 27 20 63 39 21 31 61 16 30 37 48 23 36 19
32 62 48 21 39 5 40 33 33 6 41 17 0 34 41 14 53 27 27 56 14 72 52 31 47 34 45 5 9 37 43 53 20 34 27 52 48 39 45 30 11 37 57 26 65 48 26 64 42 28 40 45 42 31 63 27 37 12 45 32 22 33 58 69 18 28 35 40 23 9 17 51 27 45 28 7 35 39 52 28 55 13 17 45 54 5 39 30 29 62 31 13 43 64 12 17 26 53 19 31 28
21 48 18 28 13 38 17 22 38 37 48 23 34 0 33 20 34 40 22 31 22 51 37 18 21 18 42 36 35 10 27 40 19 25 8 43 17 13 14 9 36 32 53 13 45 16 11 48 49 17 9 11 26 18 38 24 7 35 13 40 20 46 44 50 26 35 47 36 27 28 18 41 18 29 10 39 15 18 51 24 42 24 25 19 41 31 14 16 6 47 38 30 10 41 25 38 40 28 25 31 8
13 21 28 20 45 41 18 12 14 40 20 43 41 33 0 33 17 22 16 25 39 34 13 48 53 15 10 45 35 24 10 12 25 9 33 12 47 23 28 39 33 5 21 39 27 33 37 24 22 45 28 38 10 47 29 15 28 32 31 18 21 24 17 29 23 17 24 5 18 41 32 11 19 10 38 47 46 17 18 14 15 39 46 51 13 36 46 18 30 22 17 29 39 28 30 29 24 23 23 11 29
22 53 35 17 27 18 27 23 30 18 40 11 14 20 33 0 43 27 18 44 7 61 43 21 35 22 40 17 16 23 33 44 9 25 13 45 35 26 31 17 17 30 52 14 55 34 13 55 41 18 26 31 32 21 51 19 23 18 32 31 12 34 49 59 13 26 36 34 17 10 3 43 16 35 15 20 23 27 48 19 47 7 13 33 45 11 27 18 16 53 29 13 30 53 7 21 27 41 13 25 14
22 16 20 34 45 54 17 21 30 53 35 51 53 34 17 43 0 39 26 11 48 19 7 51 51 21 23 57 49 24 11 11 35 20 37 17 42 21 22 41 48 21 28 44 13 26 41 15 37 49 26 33 12 51 12 27 27 46 26 34 32 41 13 17 36 33 40 21 32 52 41 15 28 9 42 59 48 17 29 26 12 48 54 49 12 49 46 25 33 14 33 42 36 12 42 45 40 10 35 26 34
23 41 44 12 51 25 33 23 9 23 15 37 27 40 22 27 39 0 19 46 33 55 34 47 59 27 22 31 19 35 30 33 22 21 36 30 56 36 42 41 17 18 32 39 48 47 38 44 16 44 40 49 29 47 50 17 38 15 45 6 20 7 38 50 15 6 10 19 14 31 28 30 22 31 40 32 49 32 26 18 36 32 39 57 34 24 51 25 35 42 6 16 49 50 22 10 2 43 16 13 33
5 36 26 9 34 29 15 6 17 27 27 28 27 22 16 18 26 19 0 30 24 45 26 34 42 9 23 31 23 16 16 27 10 7 19 27 38 17 24 25 22 13 35 25 38 28 23 38 28 31 21 30 15 33 36 3 19 21 26 19 6 25 32 42 10 14 26 17 7 27 17 25 4 18 25 34 33 14 31 2 30 24 31 40 28 23 34 6 17 36 17 16 30 37 16 21 20 28 9 10 16
26 25 13 39 40 58 17 25 38 57 44 51 56 31 25 44 11 46 30 0 49 21 17 48 45 23 33 59 53 22 16 21 37 26 36 27 36 19 17 39 52 29 38 42 16 19 40 23 46 47 22 27 17 48 8 31 24 51 20 42 35 49 23 23 40 40 48 30 37 53 42 25 30 16 40 62 44 18 39 31 22 49 54 43 22 52 41 27 32 23 41 46 30 12 45 50 47 3 39 33 33
28 60 39 23 26 19 32 29 36 19 46 5 14 22 39 7 48 33 24 49 0 67 49 17 34 28 46 15 19 27 38 50 15 31 15 51 35 31 35 17 21 36 58 12 60 38 13 61 47 15 30 33 38 17 56 25 27 21 35 37 19 40 55 65 19 32 42 40 23 7 8 49 22 41 15 18 21 32 54 26 53 2 7 31 52 12 26 24 19 59 35 17 31 58 12 26 32 46 19 32 17
41 18 34 52 61 73 35 39 46 72 48 70 72 51 34 61 19 55 45 21 67 0 21 68 65 39 36 76 67 42 29 23 54 39 55 27 56 38 37 59 66 38 34 62 7 39 59 14 50 67 42 47 30 68 14 45 44 64 40 50 51 56 19 8 55 50 54 37 50 71 60 26 46 28 60 78 64 35 38 45 20 67 72 63 22 68 61 44 51 15 49 61 51 10 61 62 57 23 54 44 52
22 12 25 32 49 53 20 20 26 51 29 52 52 37 13 43 7 34 26 17 49 21 0 54 55 22 17 56 47 27 11 4 35 19 40 10 48 24 27 44 45 17 21 46 14 31 44 13 31 51 30 38 12 54 18 25 31 44 31 30 31 36 8 17 34 29 35 16 30 52 42 8 28 9 45 58 51 19 22 25 6 49 55 53 5 48 50 26 36 11 29 40 41 16 41 42 36 17 34 23 36
35 65 36 36 12 35 34 36 49 36 59 15 31 18 48 21 51 47 34 48 17 68 54 0 18 33 56 30 36 27 43 56 26 39 15 59 22 31 32 10 37 46 68 9 62 32 11 65 60 4 27 25 43 1 56 35 24 38 30 50 29 54 61 68 33 45 56 50 36 23 20 57 30 45 10 33 6 35 64 35 59 19 15 16 58 29 12 30 19 64 48 33 22 59 27 42 47 46 32 43 19
41 66 32 47 9 52 36 42 58 52 68 32 47 21 53 35 51 59 42 45 34 65 55 18 0 38 63 47 51 30 46 58 38 45 24 62 10 32 29 19 52 53 73 23 60 26 23 66 70 20 26 18 46 18 52 44 26 52 26 61 40 66 63 67 45 55 67 56 46 40 34 60 38 48 21 50 13 37 71 44 61 35 33 3 60 45 9 37 25 65 58 47 15 56 41 56 60 43 44 51 27
4 33 18 17 30 36 7 5 22 35 32 31 34 18 15 22 21 27 9 23 28 39 22 33 38 0 25 37 30 10 11 24 15 8 19 26 32 10 16 24 30 15 36 25 33 21 23 34 33 31 14 24 10 33 29 10 13 29 19 26 13 32 29 37 18 21 32 19 15 32 21 24 8 13 24 40 31 6 33 10 26 28 34 36 25 29 31 5 15 32 23 24 25 31 23 29 28 20 17 15 15
22 20 37 25 55 44 28 21 13 43 13 50 45 42 10 40 23 22 23 33 46 36 17 56 63 25 0 49 38 34 19 14 32 18 42 10 56 32 38 48 36 11 13 48 30 42 45 24 14 53 38 47 19 56 34 22 38 34 41 16 28 21 17 30 28 18 19 7 24 47 40 10 27 18 47 51 55 27 9 21 16 46 53 60 14 41 55 27 39 22 16 33 49 33 36 31 23 31 28 15 38
35 66 51 25 40 8 43 37 37 9 45 16 5 36 45 17 57 31 31 59 15 76 56 30 47 37 49 0 13 39 47 56 23 38 28 56 49 42 47 31 15 41 61 26 69 50 27 68 46 28 42 47 46 30 66 31 39 16 48 36 25 37 61 72 22 32 39 44 27 8 19 55 30 49 29 4 35 42 56 32 59 13 16 45 58 9 40 33 31 66 35 17 45 68 15 21 30 56 23 35 30
28 55 46 15 43 7 37 29 26 5 33 23 9 35 35 16 49 19 23 53 19 67 47 36 51 30 38 13 0 35 38 47 17 29 28 45 50 37 43 33 3 30 49 29 60 47 28 58 34 33 39 46 37 35 59 22 36 4 45 24 18 24 51 63 13 21 27 33 17 15 18 44 23 40 31 14 39 36 44 23 49 17 24 49 47 7 43 27 30 56 23 7 45 60 11 9 18 50 14 24 28
13 39 12 24 22 39 8 14 31 38 41 29 37 10 24 23 24 35 16 22 27 42 27 27 30 10 34 39 35 0 17 30 18 17 14 33 23 4 9 18 35 24 44 21 36 13 18 39 42 26 5 15 17 27 30 18 4 34 11 34 18 41 35 41 24 30 41 28 22 32 21 31 14 19 19 42 24 8 42 18 33 28 32 27 32 32 23 10 10 37 32 29 16 32 26 35 36 19 22 24 11
12 23 18 24 39 44 10 10 23 43 30 42 43 27 10 33 11 30 16 16 38 29 11 43 46 11 19 47 38 17 0 14 25 10 29 17 39 15 19 34 38 13 28 36 23 24 33 23 31 41 20 29 1 43 21 17 21 36 22 27 22 33 18 27 26 24 33 15 22 42 31 15 17 3 34 49 41 9 27 16 16 39 44 44 15 39 40 15 25 22 25 32 31 22 32 35 31 14 25 17 25
23 10 29 32 52 53 23 22 24 51 27 54 53 40 12 44 11 33 27 21 50 23 4 56 58 24 14 56 47 30 14 0 36 20 42 6 51 27 31 47 45 17 17 48 16 35 46 12 28 54 33 42 14 56 21 26 34 44 34 28 32 34 6 17 35 28 32 15 30 53 43 5 29 11 47 59 54 22 19 25 3 50 56 56 2 48 53 27 38 10 28 41 44 19 42 41 35 20 34 23 38
14 45 29 11 29 22 21 15 23 21 34 19 20 19 25 9 35 22 10 37 15 54 35 26 38 15 32 23 17 18 25 36 0 17 14 37 35 21 27 20 18 22 44 18 47 31 16 47 35 23 22 29 24 26 44 11 19 17 28 25 4 29 41 51 8 19 31 26 10 17 8 35 8 27 18 25 27 20 40 11 39 15 21 35 37 15 29 11 14 45 22 12 29 45 8 19 23 34 7 18 12
5 29 24 14 37 35 13 3 15 33 25 35 34 25 9 25 20 21 7 26 31 39 19 39 45 8 18 38 29 17 10 20 17 0 24 21 40 16 23 30 28 8 29 31 32 28 28 31 26 36 21 31 9 39 31 7 21 26 26 19 13 25 25 35 16 15 26 12 12 33 24 19 10 12 30 40 38 12 26 6 23 31 37 43 21 29 38 9 21 29 17 22 32 31 23 25 22 23 15 9 21
20 51 25 24 16 31 21 22 35 30 46 16 27 8 33 13 37 36 19 36 15 55 40 15 24 19 42 28 28 14 29 42 14 24 0 44 23 18 21 7 29 32 53 7 49 23 4 51 47 12 16 19 28 15 44 21 13 29 20 37 16 42 47 54 21 32 44 35 23 21 11 42 16 31 6 31 14 21 50 21 45 16 18 22 43 23 16 16 5 50 35 24 17 46 18 32 36 33 20 29 4
25 11 34 31 55 52 27 23 21 50 22 55 52 43 12 45 17 30 27 27 51 27 10 59 62 26 10 56 45 33 17 6 37 21 44 0 55 31 35 49 44 15 12 51 21 40 48 15 23 56 37 46 17 58 27 26 37 42 39 25 33 30 8 21 34 26 28 13 30 53 44 3 30 15 49 58 57 26 13 26 7 51 57 60 6 48 56 29 41 13 24 40 48 24 42 39 32 26 34 21 40
36 58 23 44 11 52 29 37 54 52 63 34 48 17 47 35 42 56 38 36 35 56 48 22 10 32 56 49 50 23 39 51 35 40 23 55 0 25 21 19 51 47 66 24 51 18 23 57 65 23 19 10 38 22 43 40 19 51 17 56 37 62 55 58 42 51 63 50 43 41 33 53 34 40 21 52 17 30 64 39 53 37 36 9 52 45 11 32 22 56 54 46 8 47 40 54 56 34 41 47 24
13 36 9 26 25 42 5 14 31 41 40 33 39 13 23 26 21 36 17 19 31 38 24 31 32 10 32 42 37 4 15 27 21 16 18 31 25 0 7 21 37 23 42 24 32 12 22 35 42 29 6 16 14 31 26 19 7 36 10 35 20 41 32 38 26 30 41 26 24 36 24 29 15 17 22 45 28 6 40 18 30 31 35 30 29 35 26 12 14 34 32 31 17 29 28 37 37 16 24 24 15
20 38 4 32 24 48 11 20 38 47 46 37 45 14 28 31 22 42 24 17 35 37 27 32 29 16 38 47 43 9 19 31 27 23 21 35 21 7 0 23 44 29 46 27 32 5 24 37 48 30 6 11 19 32 25 26 9 43 4 41 26 48 35 38 32 37 48 32 30 40 29 33 22 21 24 50 28 12 45 25 33 36 39 27 32 41 24 18 17 36 39 37 14 28 34 44 43 15 31 31 18
26 56 27 30 10 34 25 27 41 34 52 17 30 9 39 17 41 41 25 39 17 59 44 10 19 24 48 31 33 18 34 47 20 30 7 49 19 21 23 0 34 37 59 6 53 24 5 56 53 8 17 17 33 10 46 27 15 34 21 43 22 48 52 58 27 38 50 41 29 23 16 47 22 36 3 34 8 25 56 27 49 19 18 16 48 27 10 21 9 55 41 29 15 49 23 37 42 36 26 35 10
27 54 46 14 44 9 36 28 24 7 31 24 11 36 33 17 48 17 22 52 21 66 45 37 52 30 36 15 3 35 38 45 18 28 29 44 51 37 44 34 0 29 47 30 59 48 30 56 31 34 39 46 37 37 58 22 37 2 45 22 18 22 50 62 13 19 25 31 16 17 19 43 23 39 32 16 40 36 42 22 48 19 26 50 46 9 44 26 30 54 21 7 45 59 12 7 15 50 14 23 29
12 25 30 16 45 37 19 11 10 35 18 40 37 32 5 30 21 18 13 29 36 38 17 46 53 15 11 41 30 24 13 17 22 8 32 15 47 23 29 37 29 0 23 37 31 34 35 28 19 43 29 38 12 46 33 12 28 27 33 14 18 21 22 33 19 12 20 4 15 38 30 14 16 13 37 43 45 18 19 11 19 36 43 50 18 33 45 17 29 26 13 25 40 32 27 25 19 27 19 7 28
34 17 45 36 66 56 37 32 24 54 19 62 57 53 21 52 28 32 35 38 58 34 21 68 73 36 13 61 49 44 28 17 44 29 53 12 66 42 46 59 47 23 0 59 29 51 57 21 20 65 47 57 28 67 37 34 48 45 50 26 40 29 17 27 40 29 27 19 36 59 52 14 38 26 59 62 66 36 6 33 17 58 65 71 16 53 66 38 50 19 27 45 59 34 48 42 33 37 40 27 50
27 58 31 28 14 30 27 28 40 30 51 11 26 13 39 14 44 39 25 42 12 62 46 9 23 25 48 26 29 21 36 48 18 31 7 51 24 24 27 6 30 37 59 0 56 28 3 58 52 6 22 22 35 9 50 27 19 31 26 42 21 46 53 61 25 37 48 41 27 18 12 49 22 38 3 29 10 28 56 27 51 14 13 20 50 23 14 22 11 57 39 26 20 53 20 34 39 40 24 34 11
34 13 29 45 55 66 29 33 40 65 42 63 65 45 27 55 13 48 38 16 60 7 14 62 60 33 30 69 60 36 23 16 47 32 49 21 51 32 32 53 59 31 29 56 0 34 53 10 44 61 36 43 24 62 10 38 39 57 35 44 44 49 14 7 48 43 48 30 43 64 53 20 40 21 54 71 59 29 32 38 14 60 66 59 16 61 56 37 45 11 43 54 46 6 54 55 50 18 47 37 46
25 42 6 37 22 51 16 25 43 51 51 39 48 16 33 34 26 47 28 19 38 39 31 32 26 21 42 50 47 13 24 35 31 28 23 40 18 12 5 24 48 34 51 28 34 0 26 40 53 31 9 9 24 32 26 30 12 47 3 46 30 52 38 41 36 42 53 37 35 43 32 37 26 25 26 53 27 17 50 30 37 39 41 25 36 44 23 23 20 40 44 41 12 30 38 48 48 17 35 36 21
24 55 28 26 15 30 25 25 38 30 48 13 26 11 37 13 41 38 23 40 13 59 44 11 23 23 45 27 28 18 33 46 16 28 4 48 23 22 24 5 30 35 57 3 53 26 0 55 50 9 19 21 32 11 47 25 16 30 23 40 19 44 51 58 23 35 46 39 25 19 11 46 19 35 3 30 12 25 54 25 48 14 15 21 47 23 15 19 9 54 37 24 19 50 19 33 38 37 22 32 8
34 5 34 43 60 64 32 32 35 63 36 64 64 48 24 55 15 44 38 23 61 14 13 65 66 34 24 68 58 39 23 12 47 31 51 15 57 35 37 56 56 28 21 58 10 40 55 0 37 63 40 48 24 65 19 37 42 55 41 39 43 44 7 7 46 39 42 26 41 64 54 15 40 21 56 70 63 31 25 37 9 61 67 64 11 59 60 38 47 3 38 52 51 15 53 52 46 24 45 34 48
30 33 48 25 61 40 38 29 12 38 2 51 42 49 22 41 37 16 28 46 47 50 31 60 70 33 14 46 34 42 31 28 35 26 47 23 65 42 48 53 31 19 20 52 44 53 50 37 0 57 47 57 31 60 48 26 46 30 51 11 31 10 31 43 28 16 8 17 25 46 42 24 32 31 52 47 61 37 14 26 30 46 53 67 28 39 62 34 45 35 13 31 58 47 36 25 17 45 29 19 44
32 63 34 33 13 33 32 34 46 33 56 12 28 17 45 18 49 44 31 47 15 67 51 4 20 31 53 28 33 26 41 54 23 36 12 56 23 29 30 8 34 43 65 6 61 31 9 63 57 0 25 24 40 3 54 32 23 35 29 47 26 51 59 66 30 42 53 47 32 20 17 54 27 43 7 31 7 33 62 32 57 16 13 18 55 26 13 27 16 62 45 30 21 57 24 39 44 44 29 40 16
18 41 10 29 20 43 11 19 36 42 45 31 40 9 28 26 26 40 21 22 30 42 30 27 26 14 38 42 39 5 20 33 22 21 16 37 19 6 6 17 39 29 47 22 36 9 19 40 47 25 0 10 20 27 29 23 4 39 6 39 22 45 37 42 28 35 46 32 27 35 24 34 18 22 19 45 23 12 46 22 35 31 34 24 34 36 21 15 12 39 37 33 12 32 29 40 40 19 27 29 13
27 49 14 37 14 49 20 28 46 48 55 33 45 11 38 31 33 49 30 27 33 47 38 25 18 24 47 47 46 15 29 42 29 31 19 46 10 16 11 17 46 38 57 22 43 9 21 48 57 24 10 0 29 24 34 32 11 46 8 49 30 55 45 49 36 44 55 41 36 39 29 44 27 31 20 50 20 21 55 32 44 34 35 16 43 41 15 24 16 47 46 40 4 38 36 48 49 25 35 38 18
11 23 18 23 38 43 10 9 22 42 29 41 42 26 10 32 12 29 15 17 38 30 12 43 46 10 19 46 37 17 1 14 24 9 28 17 38 14 19 33 37 12 28 35 24 24 32 24 31 40 20 29 0 42 22 16 20 35 23 26 21 32 19 28 25 23 32 14 21 41 30 15 17 4 33 48 40 9 27 15 17 38 43 43 16 38 39 14 24 22 24 31 31 23 31 34 30 15 24 16 24
34 65 35 36 12 35 34 36 49 35 59 15 31 18 47 21 51 47 33 48 17 68 54 1 18 33 56 30 35 27 43 56 26 39 15 58 22 31 32 10 37 46 67 9 62 32 11 65 60 3 27 24 42 0 56 35 24 38 30 50 29 54 61 68 33 45 56 49 35 23 20 56 30 45 9 33 6 35 64 35 59 19 15 16 57 29 12 30 18 64 48 33 21 59 27 42 47 45 32 42 18
32 22 21 44 48 64 24 31 42 63 47 59 63 38 29 51 12 50 36 8 56 14 18 56 52 29 34 66 59 30 21 21 44 31 44 27 43 26 25 46 58 33 37 50 10 26 47 19 48 54 29 34 22 56 0 37 32 57 27 46 42 52 21 17 46 44 51 33 42 60 49 25 37 20 48 69 52 24 39 36 21 57 61 50 22 58 48 34 39 19 45 52 37 5 51 56 51 11 45 38 40
7 35 27 8 36 28 16 7 15 27 25 29 27 24 15 19 27 17 3 31 25 45 25 35 44 10 22 31 22 18 17 26 11 7 21 26 40 19 26 27 22 12 34 27 38 30 25 37 26 32 23 32 16 35 37 0 21 20 28 17 7 23 31 42 10 12 24 15 6 27 18 25 6 18 27 34 35 15 30 1 29 25 32 42 27 23 36 8 19 35 15 16 32 38 17 20 18 29 9 8 18
17 42 13 27 18 40 11 18 35 39 44 28 37 7 28 23 27 38 19 24 27 44 31 24 26 13 38 39 36 4 21 34 19 21 13 37 19 7 9 15 37 28 48 19 39 12 16 42 46 23 4 11 20 24 32 21 0 36 9 38 20 44 38 44 26 33 45 31 25 32 21 35 16 23 16 42 21 12 46 21 36 27 30 23 35 33 19 13 8 41 35 30 12 35 26 37 39 22 24 28 10
26 52 45 13 44 11 35 27 22 9 29 25 12 35 32 18 46 15 21 51 21 64 44 38 52 29 34 16 4 34 36 44 17 26 29 42 51 36 43 34 2 27 45 31 57 47 30 55 30 35 39 46 35 38 57 20 36 0 44 20 17 21 48 60 11 17 23 30 15 18 19 41 22 38 32 18 40 34 40 21 46 20 27 50 44 10 44 25 30 53 19 6 45 57 12 5 14 48 13 21 28
23 42 7 34 21 49 14 23 41 48 50 36 45 13 31 32 26 45 26 20 35 40 31 30 26 19 41 48 45 11 22 34 28 26 20 39 17 10 4 21 45 33 50 26 35 3 23 41 51 29 6 8 23 30 27 28 9 44 0 44 28 50 38 41 34 40 51 35 32 40 30 37 24 24 23 51 25 15 49 27 36 36 38 24 36 41 22 20 17 40 42 39 11 31 35 45 46 18 32 34 18
22 35 42 15 52 30 31 21 4 29 10 41 32 40 18 31 34 6 19 42 37 50 30 50 61 26 16 36 24 34 27 28 25 19 37 25 56 35 41 43 22 14 26 42 44 46 40 39 11 47 39 49 26 50 46 17 38 20 44 0 22 7 32 44 18 6 7 14 15 36 31 25 23 27 42 38 51 30 21 18 30 36 43 58 29 29 53 25 36 37 3 21 49 45 26 16 8 40 19 11 35
11 42 29 8 31 24 19 12 20 22 30 22 22 20 21 12 32 20 6 35 19 51 31 29 40 13 28 25 18 18 22 32 4 13 16 33 37 20 26 22 18 18 40 21 44 30 19 43 31 26 22 30 21 29 42 7 20 17 28 22 0 26 38 48 7 16 28 22 7 21 12 31 5 24 21 28 30 18 36 8 35 18 25 37 34 17 32 9 15 42 19 12 30 43 11 18 20 32 5 14 14
28 40 49 19 57 30 38 28 11 29 11 44 33 46 24 34 41 7 25 49 40 56 36 54 66 32 21 37 24 41 33 34 29 25 42 30 62 41 48 48 22 21 29 46 49 52 44 44 10 51 45 55 32 54 52 23 44 21 50 7 26 0 38 50 22 11 3 20 20 38 35 30 28 33 47 37 55 37 23 23 36 38 46 63 34 30 58 31 41 42 9 23 55 51 28 16 8 47 23 17 40
28 5 32 37 56 58 28 27 29 56 29 59 58 44 17 49 13 38 32 23 55 19 8 61 63 29 17 61 51 35 18 6 41 25 47 8 55 32 35 52 50 22 17 53 14 38 51 7 31 59 37 45 19 61 21 31 38 48 38 32 38 38 0 13 40 33 36 19 35 58 48 8 34 16 52 64 58 27 19 31 3 55 61 61 4 53 57 32 43 5 32 46 48 18 47 46 39 23 39 28 43
38 11 35 48 61 69 34 36 41 68 42 68 69 50 29 59 17 50 42 23 65 8 17 68 67 37 30 72 63 41 27 17 51 35 54 21 58 38 38 58 62 33 27 61 7 41 58 7 43 66 42 49 28 68 17 42 44 60 41 44 48 50 13 0 51 45 48 32 46 68 58 20 44 25 59 75 65 34 31 41 15 65 70 65 16 64 62 41 50 9 44 57 52 13 58 58 51 24 50 39 51
15 44 34 4 36 19 24 16 18 18 27 23 18 26 23 13 36 15 10 40 19 55 34 33 45 18 28 22 13 24 26 35 8 16 21 34 42 26 32 27 13 19 40 25 48 36 23 46 28 30 28 36 25 33 46 10 26 11 34 18 7 22 40 51 0 13 24 22 5 20 14 33 11 27 25 24 34 24 36 10 38 18 26 42 36 14 37 14 21 44 16 7 36 47 9 12 15 37 2 14 19
18 36 38 9 47 27 27 17 6 26 15 36 28 35 17 26 33 6 14 40 32 50 29 45 55 21 18 32 21 30 24 28 19 15 32 26 51 30 37 38 19 12 29 37 43 42 35 39 16 42 35 44 23 45 44 12 33 17 40 6 16 11 33 45 13 0 12 14 10 31 26 25 18 25 37 34 45 26 24 13 31 31 38 53 29 25 47 20 31 37 3 16 44 44 21 14 8 37 14 7 29
29 39 49 21 59 33 38 28 11 31 8 46 35 47 24 36 40 10 26 48 42 54 35 56 67 32 19 39 27 41 33 32 31 26 44 28 63 41 48 50 25 20 27 48 48 53 46 42 8 53 46 55 32 56 51 24 45 23 51 7 28 3 36 48 24 12 0 19 22 40 37 29 29 33 48 40 57 37 21 24 34 41 48 65 33 33 59 32 42 40 10 25 56 50 31 19 10 46 25 18 41
16 23 32 19 48 39 22 14 10 38 15 44 40 36 5 34 21 19 17 30 40 37 16 50 56 19 7 44 33 28 15 15 26 12 35 13 50 26 32 41 31 4 19 41 30 37 39 26 17 47 32 41 14 49 33 15 31 30 35 14 22 20 19 32 22 14 19 0 18 41 33 12 20 14 41 46 49 21 15 15 18 39 46 54 16 36 49 20 32 24 13 28 43 32 30 27 20 28 22 9 32
12 39 32 3 38 23 22 12 14 22 24 27 23 27 18 17 32 14 7 37 23 50 30 36 46 15 24 27 17 22 22 30 10 12 23 30 43 24 30 29 16 15 36 27 43 35 25 41 25 32 27 36 21 35 42 6 25 15 32 15 7 20 35 46 5 10 22 18 0 24 17 28 9 23 27 29 36 21 31 7 33 23 30 44 31 19 38 12 22 40 13 11 36 43 13 14 14 34 5 9 20
31 62 44 23 32 13 37 32 36 13 45 9 9 28 41 10 52 31 27 53 7 71 52 23 40 32 47 8 15 32 42 53 17 33 21 53 41 36 40 23 17 38 59 18 64 43 19 64 46 20 35 39 41 23 60 27 32 18 40 36 21 38 58 68 20 31 40 41 24 0 12 51 25 44 21 11 27 37 54 28 56 5 9 38 54 8 32 27 24 62 34 16 37 62 12 23 31 50 20 32 22
21 52 33 17 25 20 25 22 30 20 40 11 17 18 32 3 41 28 17 42 8 60 42 20 34 21 40 19 18 21 31 43 8 24 11 44 33 24 29 16 19 30 52 12 53 32 11 54 42 17 24 29 30 20 49 18 21 19 30 31 12 35 48 58 14 26 37 33 17 12 0 42 15 33 13 22 22 25 47 19 46 8 14 31 44 13 25 17 13 52 29 14 28 51 8 23 28 39 13 25 12
23 12 31 30 53 51 24 21 21 49 23 53 51 41 11 43 15 30 25 25 49 26 8 57 60 24 10 55 44 31 15 5 35 19 42 3 53 29 33 47 43 14 14 49 20 37 46 15 24 54 34 44 15 56 25 25 35 41 37 25 31 30 8 20 33 25 29 12 28 51 42 0 28 13 47 57 55 23 15 24 6 49 56 58 5 46 54 27 38 13 24 39 46 23 40 38 32 24 33 20 38
6 38 24 11 30 28 14 8 20 27 31 25 27 18 19 16 28 22 4 30 22 46 28 30 38 8 27 30 23 14 17 29 8 10 16 30 34 15 22 22 23 16 38 22 40 26 19 40 32 27 18 27 17 30 37 6 16 22 24 23 5 28 34 44 11 18 29 20 9 25 15 28 0 20 21 33 29 13 35 6 32 22 28 36 30 22 31 4 14 38 20 17 27 38 15 22 23 27 10 13 13
14 20 19 25 41 46 12 12 23 45 29 44 45 29 10 35 9 31 18 16 41 28 9 45 48 13 18 49 40 19 3 11 27 12 31 15 40 17 21 36 39 13 26 38 21 25 35 21 31 43 22 31 4 45 20 18 23 38 24 27 24 33 16 25 27 25 33 14 23 44 33 13 20 0 36 51 43 11 26 18 14 41 47 46 13 40 42 17 27 19 25 34 33 20 34 36 32 14 27 18 27
26 56 28 28 12 32 26 27 40 32 51 14 28 10 38 15 42 40 25 40 15 60 45 10 21 24 47 29 31 19 34 47 18 30 6 49 21 22 24 3 32 37 59 3 54 26 3 56 52 7 19 20 33 9 48 27 16 32 23 42 21 47 52 59 25 37 48 41 27 21 13 47 21 36 0 32 9 26 56 27 50 16 16 18 49 25 12 21 10 55 40 27 17 51 21 36 40 37 24 34 10
38 68 54 28 43 8 45 39 39 9 47 19 7 39 47 20 59 32 34 62 18 78 58 33 50 40 51 4 14 42 49 59 25 40 31 58 52 45 50 34 16 43 62 29 71 53 30 70 47 31 45 50 48 33 69 34 42 18 51 38 28 37 64 75 24 34 40 46 29 11 22 57 33 51 32 0 37 45 57 34 62 16 18 48 60 11 43 36 34 68 36 19 48 70 18 22 31 59 25 37 33
33 63 31 37 7 39 32 35 49 39 59 19 35 15 46 23 48 49 33 44 21 64 51 6 13 31 55 35 39 24 41 54 27 38 14 57 17 28 28 8 40 45 66 10 59 27 12 63 61 7 23 20 40 6 52 35 21 40 25 51 30 55 58 65 34 45 57 49 36 27 22 55 29 43 9 37 0 32 64 35 56 23 20 11 55 32 6 29 17 61 48 35 16 55 29 44 49 42 33 42 17
9 31 13 23 30 41 2 10 26 40 35 35 39 18 17 27 17 32 14 18 32 35 19 35 37 6 27 42 36 8 9 22 20 12 21 26 30 6 12 25 36 18 36 28 29 17 25 31 37 33 12 21 9 35 24 15 12 34 15 30 18 37 27 34 24 26 37 21 21 37 25 23 13 11 26 45 32 0 35 15 25 33 38 35 24 35 31 10 17 30 28 30 23 26 28 34 33 15 22 20 17
31 21 44 32 63 50 36 29 19 49 13 58 52 51 18 48 29 26 31 39 54 38 22 64 71 33 9 56 44 42 27 19 40 26 50 13 64 40 45 56 42 19 6 56 32 50 54 25 14 62 46 55 27 64 39 30 46 40 49 21 36 23 19 31 36 24 21 15 31 54 47 15 35 26 56 57 64 35 0 30 19 53 60 69 18 48 64 35 47 23 22 40 57 36 44 36 28 38 36 23 47
6 35 27 9 36 29 16 6 15 28 25 30 28 24 14 19 26 18 2 31 26 45 25 35 44 10 21 32 23 18 16 25 11 6 21 26 39 18 25 27 22 11 33 27 38 30 25 37 26 32 22 32 15 35 36 1 21 21 27 18 8 23 31 41 10 13 24 15 7 28 19 24 6 18 27 34 35 15 30 0 28 25 32 41 27 23 36 8 19 35 15 17 32 37 17 20 19 28 10 8 18
26 7 31 35 54 56 26 24 27 54 28 57 55 42 15 47 12 36 30 22 53 20 6 59 61 26 16 59 49 33 16 3 39 23 45 7 53 30 33 49 48 19 17 51 14 37 48 9 30 57 35 44 17 59 21 29 36 46 36 30 35 36 3 15 38 31 34 18 33 56 46 6 32 14 50 62 56 25 19 28 0 53 59 59 2 51 55 30 41 7 30 44 46 18 45 44 37 22 37 26 41
28 59 39 22 27 17 33 29 36 17 45 6 13 24 39 7 48 32 24 49 2 67 49 19 35 28 46 13 17 28 39 50 15 31 16 51 37 31 36 19 19 36 58 14 60 39 14 61 46 16 31 34 38 19 57 25 27 20 36 36 18 38 55 65 18 31 41 39 23 5 8 49 22 41 16 16 23 33 53 25 53 0 8 33 51 11 27 24 19 59 34 16 32 58 11 24 31 46 18 31 18
34 66 43 29 26 22 37 35 43 22 52 3 17 25 46 13 54 39 31 54 7 72 55 15 33 34 53 16 24 32 44 56 21 37 18 57 36 35 39 18 26 43 65 13 66 41 15 67 53 13 34 35 43 15 61 32 30 27 38 43 25 46 61 70 26 38 48 46 30 9 14 56 28 47 16 18 20 38 60 32 59 8 0 31 58 17 25 30 23 65 41 23 33 63 18 31 38 51 25 38 21
39 64 30 45 7 49 34 40 56 49 66 30 45 19 51 33 49 57 40 43 31 63 53 16 3 36 60 45 49 27 44 56 35 43 22 60 9 30 27 16 50 50 71 20 59 25 21 64 67 18 24 16 43 16 50 42 23 50 24 58 37 63 61 65 42 53 65 54 44 38 31 58 36 46 18 48 11 35 69 41 59 33 31 0 58 43 6 34 23 63 56 45 14 54 39 53 57 41 41 49 24
24 9 30 33 53 54 25 23 25 52 27 55 54 41 13 45 12 34 28 22 52 22 5 58 60 25 14 58 47 32 15 2 37 21 43 6 52 29 32 48 46 18 16 50 16 36 47 11 28 55 34 43 16 57 22 27 35 44 36 29 34 34 4 16 36 29 33 16 31 54 44 5 30 13 49 60 55 24 18 27 2 51 58 58 0 49 54 29 39 9 28 42 45 19 43 42 35 22 35 24 39
27 57 44 17 37 8 35 29 30 7 38 16 5 31 36 11 49 24 23 52 12 68 48 29 45 29 41 9 7 32 39 48 15 29 23 48 45 35 41 27 9 33 53 23 61 44 23 59 39 26 36 41 38 29 58 23 33 10 41 29 17 30 53 64 14 25 33 36 19 8 13 46 22 40 25 11 32 35 48 23 51 11 17 43 49 0 37 25 26 58 27 9 40 60 7 15 23 49 15 27 24
34 61 28 39 1 44 30 35 50 44 61 24 39 14 46 27 46 51 34 41 26 61 50 12 9 31 55 40 43 23 40 53 29 38 16 56 11 26 24 10 44 45 66 14 56 23 15 60 62 13 21 15 39 12 48 36 19 44 22 53 32 58 57 62 37 47 59 49 38 32 25 54 31 42 12 43 6 31 64 36 55 27 25 6 54 37 0 29 17 59 50 39 12 52 33 47 51 39 35 43 19
5 37 21 14 29 32 11 7 22 30 32 27 30 16 18 18 25 25 6 27 24 44 26 30 37 5 27 33 27 10 15 27 11 9 16 29 32 12 18 21 26 17 38 22 37 23 19 38 34 27 15 24 14 30 34 8 13 25 20 25 9 31 32 41 14 20 32 20 12 27 17 27 4 17 21 36 29 10 35 8 30 24 30 34 29 25 29 0 13 36 22 20 25 35 18 26 26 24 13 15 12
17 47 21 23 17 33 16 19 34 32 44 20 29 6 30 16 33 35 17 32 19 51 36 19 25 15 39 31 30 10 25 38 14 21 5 41 22 14 17 9 30 29 50 11 45 20 9 47 45 16 12 16 24 18 39 19 8 30 17 36 15 41 43 50 21 31 42 32 22 24 13 38 14 27 10 34 17 17 47 19 41 19 23 23 39 26 17 13 0 46 33 24 16 42 20 32 35 29 19 27 2
32 3 34 41 59 62 30 30 33 61 34 63 62 47 22 53 14 42 36 23 59 15 11 64 65 32 22 66 56 37 22 10 45 29 50 13 56 34 36 55 54 26 19 57 11 40 54 3 35 62 39 47 22 64 19 35 41 53 40 37 42 42 5 9 44 37 40 24 40 62 52 13 38 19 55 68 61 30 23 35 7 59 65 63 9 58 59 36 46 0 36 50 50 16 51 50 44 24 44 32 46
20 35 40 12 50 29 29 19 4 28 12 39 31 38 17 29 33 6 17 41 35 49 29 48 58 23 16 35 23 32 25 28 22 17 35 24 54 32 39 41 21 13 27 39 43 44 37 38 13 45 37 46 24 48 45 15 35 19 42 3 19 9 32 44 16 3 10 13 13 34 29 24 20 25 40 36 48 28 22 15 30 34 41 56 28 27 50 22 33 36 0 19 47 44 24 15 8 39 17 9 32
21 50 40 9 38 13 30 22 21 11 30 21 13 30 29 13 42 16 16 46 17 61 40 33 47 24 33 17 7 29 32 41 12 22 24 40 46 31 37 29 7 25 45 26 54 41 24 52 31 30 33 40 31 33 52 16 30 6 39 21 12 23 46 57 7 16 25 28 11 16 14 39 17 34 27 19 35 30 40 17 44 16 23 45 42 9 39 20 24 50 19 0 39 53 7 9 16 44 8 19 23
28 52 17 37 11 47 22 29 46 47 56 31 43 10 39 30 36 49 30 30 31 51 41 22 15 25 49 45 45 16 31 44 29 32 17 48 8 17 14 15 45 40 59 20 46 12 19 51 58 21 12 4 31 21 37 32 12 45 11 49 30 55 48 52 36 44 56 43 36 37 28 46 27 33 17 48 16 23 57 32 46 32 33 14 45 40 12 25 16 50 47 39 0 41 35 47 49 28 34 39 17
33 18 24 45 51 65 26 32 41 64 45 61 64 41 28 53 12 50 37 12 58 10 16 59 56 31 33 68 60 32 22 19 45 31 46 24 47 29 28 49 59 32 34 53 6 30 50 15 47 57 32 38 23 59 5 38 35 57 31 45 43 51 18 13 47 44 50 32 43 62 51 23 38 20 51 70 55 26 36 37 18 58 63 54 19 60 52 35 42 16 44 53 41 0 53 56 51 14 46 38 43
21 51 37 12 33 14 28 22 26 13 35 16 12 25 30 7 42 22 16 45 12 61 41 27 41 23 36 15 11 26 32 42 8 23 18 42 40 28 34 23 12 27 48 20 54 38 19 53 36 24 29 36 31 27 51 17 26 12 35 26 11 28 47 58 9 21 31 30 13 12 8 40 15 34 21 18 29 28 44 17 45 11 18 39 43 7 33 18 20 51 24 7 35 53 0 15 21 42 9 21 18
26 49 46 12 47 15 35 26 18 13 25 30 17 38 29 21 45 10 21 50 26 62 42 42 56 29 31 21 9 35 35 41 19 25 32 39 54 37 44 37 7 25 42 34 55 48 33 52 25 39 40 48 34 42 56 20 37 5 45 16 18 16 46 58 12 14 19 27 14 23 23 38 22 36 36 22 44 34 36 20 44 24 31 53 42 15 47 26 32 50 15 9 47 56 15 0 9 48 14 19 31
24 43 45 13 51 24 34 24 11 22 16 37 26 40 24 27 40 2 20 47 32 57 36 47 60 28 23 30 18 36 31 35 23 22 36 32 56 37 43 42 15 19 33 39 50 48 38 46 17 44 40 49 30 47 51 18 39 14 46 8 20 8 39 51 15 8 10 20 14 31 28 32 23 32 40 31 49 33 28 19 37 31 38 57 35 23 51 26 35 44 8 16 49 51 21 9 0 45 16 14 34
23 26 11 36 38 55 14 22 36 54 43 48 53 28 23 41 10 43 28 3 46 23 17 46 43 20 31 56 50 19 14 20 34 23 33 26 34 16 15 36 50 27 37 40 18 17 37 24 45 44 19 25 15 45 11 29 22 48 18 40 32 47 23 24 37 37 46 28 34 50 39 24 27 14 37 59 42 15 38 28 22 46 51 41 22 49 39 24 29 24 39 44 28 14 42 48 45 0 36 31 30
14 43 33 5 35 20 23 15 18 19 28 23 19 25 23 13 35 16 9 39 19 54 34 32 44 17 28 23 14 22 25 34 7 15 20 34 41 24 31 26 14 19 40 24 47 35 22 45 29 29 27 35 24 32 45 9 24 13 32 19 5 23 39 50 2 14 25 22 5 20 13 33 10 27 24 25 33 22 36 10 37 18 25 41 35 15 35 13 19 44 17 8 34 46 9 14 16 36 0 13 18
12 32 32 10 43 31 21 11 8 29 18 36 31 31 11 25 26 13 10 33 32 44 23 43 51 15 15 35 24 24 17 23 18 9 29 21 47 24 31 35 23 7 27 34 37 36 32 34 19 40 29 38 16 42 38 8 28 21 34 11 14 17 28 39 14 7 18 9 9 32 25 20 13 18 34 37 42 20 23 8 26 31 38 49 24 27 43 15 27 32 9 19 39 38 21 19 14 31 13 0 26
17 47 22 21 18 31 17 18 32 30 43 19 28 8 29 14 34 33 16 33 17 52 36 19 27 15 38 30 28 11 25 38 12 21 4 40 24 15 18 10 29 28 50 11 46 21 8 48 44 16 13 18 24 18 40 18 10 28 18 35 14 40 43 51 19 29 41 32 20 22 12 38 13 27 10 33 17 17 47 18 41 18 21 24 39 24 19 12 2 46 32 23 17 43 18 31 34 30 18 26 0
