50 50 12 95
4 38 73
2 2 33
3 48 80
3 33 64
4 24 59
1 49 83
1 40 70
5 33 64
2 49 79
1 25 60
2 44 78
4 24 55
3 25 55
1 40 71
5 7 40
5 41 76
5 10 43
1 23 56
1 0 30
5 21 51
3 12 48
5 27 59
3 14 48
3 6 40
5 39 69
4 19 55
2 5 39
2 37 71
5 20 51
5 29 62
3 16 47
3 5 36
3 28 61
5 2 33
2 40 70
3 10 40
2 35 70
2 8 42
3 28 61
4 11 43
2 36 71
5 9 40
1 2 37
5 22 57
2 20 51
3 11 47
3 37 72
1 37 73
4 8 40
2 5 35
0 16 20 16 7 15 9 15 13 15 11 13 10 13 8 8 12 19 15 13 18 11 10 10 14 12 14 9 8 15 11 20 18 7 19 15 13 5 14 11 11 8 10 7 9 14 12 4 9 6 10
16 0 18 10 19 4 15 30 4 30 12 4 21 12 22 16 25 19 9 24 4 16 22 14 16 23 10 9 9 22 15 19 8 22 33 22 22 16 28 14 19 16 13 19 7 7 4 12 23 20 24
20 18 0 8 17 21 12 30 19 29 25 15 29 8 27 26 32 4 25 19 21 10 18 10 7 18 25 21 15 34 10 2 25 23 30 33 32 17 26 10 13 26 25 17 16 23 18 18 24 19 27
16 10 8 0 16 14 11 29 12 29 19 8 25 5 24 21 28 10 18 20 14 9 18 8 7 19 18 14 9 28 9 9 18 21 30 28 27 14 26 8 14 21 19 16 10 16 11 14 22 18 25
7 19 17 16 0 20 6 14 17 13 17 16 15 12 11 14 17 15 21 6 22 8 4 8 11 5 20 14 11 21 8 16 23 6 15 21 19 4 11 9 5 14 16 1 13 20 17 9 7 3 11
15 4 21 14 20 0 16 29 3 30 10 6 19 14 21 14 23 22 6 25 3 17 23 16 18 24 6 7 10 20 17 22 5 22 33 19 20 16 28 15 20 14 10 19 8 4 4 11 23 20 24
9 15 12 11 6 16 0 19 14 18 16 12 18 7 15 15 20 11 19 10 18 3 8 3 6 9 18 12 7 23 3 12 20 11 20 22 21 5 16 3 5 15 16 5 9 17 13 8 12 8 15
15 30 30 29 14 29 19 0 27 3 23 28 15 25 9 18 12 27 28 13 32 21 13 21 24 13 27 23 22 20 21 29 31 9 7 20 17 15 5 22 17 17 22 14 23 28 27 19 7 12 6
13 4 19 12 17 3 14 27 0 27 9 5 17 12 19 13 21 20 7 22 6 15 20 13 15 21 7 5 7 19 14 20 7 19 30 18 19 14 26 13 18 13 9 17 5 5 1 9 21 17 21
15 30 29 29 13 30 18 3 27 0 24 28 17 25 11 19 14 26 29 11 33 20 12 21 23 12 28 23 22 22 20 28 32 9 4 22 19 15 3 21 16 19 23 14 23 29 27 19 7 11 8
11 12 25 19 17 10 16 23 9 24 0 13 10 18 14 6 15 25 6 23 12 19 20 17 20 22 5 5 11 11 18 26 9 17 28 10 11 14 23 17 20 6 2 17 9 7 9 9 18 16 17
13 4 15 8 16 6 12 28 5 28 13 0 20 9 21 16 24 16 11 21 7 12 19 11 12 20 11 8 6 22 12 16 11 20 31 22 22 13 26 10 16 16 13 16 5 9 4 10 21 17 23
10 21 29 25 15 19 18 15 17 17 10 20 0 22 7 5 5 28 16 20 21 20 18 19 23 19 14 12 16 7 20 29 19 11 21 7 4 14 17 20 19 5 9 16 15 16 17 11 12 13 9
13 12 8 5 12 14 7 25 12 25 18 9 22 0 20 19 25 8 19 16 16 5 14 4 4 15 18 13 7 26 5 8 19 17 26 26 25 10 22 4 10 19 18 11 9 17 12 11 18 14 21
8 22 27 24 11 21 15 9 19 11 14 21 7 20 0 9 6 25 20 14 24 17 13 17 20 13 18 15 16 13 17 26 23 6 15 13 10 11 11 18 15 9 13 11 16 20 19 11 6 9 3
8 16 26 21 14 14 15 18 13 19 6 16 5 19 9 0 9 25 12 19 17 18 17 17 20 18 10 8 12 8 17 26 15 12 23 8 7 12 18 17 18 1 5 14 11 12 13 8 13 13 12
12 25 32 28 17 23 20 12 21 14 15 24 5 25 6 9 0 30 20 20 26 23 18 22 26 19 19 17 20 9 23 32 23 12 18 9 6 16 15 23 21 9 13 17 19 21 22 15 12 15 8
19 19 4 10 15 22 11 27 20 26 25 16 28 8 25 25 30 0 26 16 23 8 15 9 6 15 26 21 15 33 8 2 27 21 27 32 31 15 24 9 11 25 25 14 17 24 19 18 21 17 25
15 9 25 18 21 6 19 28 7 29 6 11 16 19 20 12 20 26 0 27 8 21 24 19 22 26 2 7 13 16 20 26 3 22 33 15 16 18 28 19 23 12 8 21 10 3 7 12 23 21 23
13 24 19 20 6 25 10 13 22 11 23 21 20 16 14 19 20 16 27 0 28 11 3 12 13 2 26 20 16 26 11 17 29 9 12 25 23 9 9 12 6 19 22 6 18 26 22 15 9 7 13
18 4 21 14 22 3 18 32 6 33 12 7 21 16 24 17 26 23 8 28 0 19 25 17 19 26 9 10 12 22 19 22 6 24 36 21 23 19 31 17 22 17 13 22 10 6 6 14 26 23 26
11 16 10 9 8 17 3 21 15 20 19 12 20 5 17 18 23 8 21 11 19 0 9 2 4 10 20 14 8 25 1 9 22 13 22 25 24 7 18 2 5 18 18 7 11 19 14 11 14 10 18
10 22 18 18 4 23 8 13 20 12 20 19 18 14 13 17 18 15 24 3 25 9 0 10 12 2 23 18 14 24 9 17 26 7 13 24 21 7 9 11 5 17 19 4 16 23 20 13 8 5 12
10 14 10 8 8 16 3 21 13 21 17 11 19 4 17 17 22 9 19 12 17 2 10 0 4 11 18 13 7 24 2 10 20 14 23 24 23 7 18 1 6 17 17 8 9 17 13 9 15 10 18
14 16 7 7 11 18 6 24 15 23 20 12 23 4 20 20 26 6 22 13 19 4 12 4 0 13 21 16 10 28 4 6 22 16 24 27 26 10 20 4 7 20 20 10 12 20 15 13 18 13 21
12 23 18 19 5 24 9 13 21 12 22 20 19 15 13 18 19 15 26 2 26 10 2 11 13 0 25 19 15 25 10 17 28 8 12 25 22 8 9 12 6 18 21 5 17 25 21 14 8 6 12
14 10 25 18 20 6 18 27 7 28 5 11 14 18 18 10 19 26 2 26 9 20 23 18 21 25 0 6 12 14 19 26 5 20 32 13 15 17 27 18 22 10 6 20 10 3 7 11 22 20 21
9 9 21 14 14 7 12 23 5 23 5 8 12 13 15 8 17 21 7 20 10 14 18 13 16 19 6 0 7 15 14 21 9 15 27 14 14 11 22 13 16 8 5 14 5 6 5 5 17 14 17
8 9 15 9 11 10 7 22 7 22 11 6 16 7 16 12 20 15 13 16 12 8 14 7 10 15 12 7 0 20 8 15 14 14 25 19 19 8 20 7 11 12 11 10 3 11 7 5 15 12 17
15 22 34 28 21 20 23 20 19 22 11 22 7 26 13 8 9 33 16 26 22 25 24 24 28 25 14 15 20 0 25 34 18 17 26 1 3 19 22 25 25 8 10 21 19 17 19 16 18 19 15
11 15 10 9 8 17 3 21 14 20 18 12 20 5 17 17 23 8 20 11 19 1 9 2 4 10 19 14 8 25 0 10 21 13 22 25 23 7 18 2 5 17 18 7 10 18 14 10 14 10 18
20 19 2 9 16 22 12 29 20 28 26 16 29 8 26 26 32 2 26 17 22 9 17 10 6 17 26 21 15 34 10 0 26 22 29 33 32 16 25 10 12 26 25 16 17 24 19 18 23 19 27
18 8 25 18 23 5 20 31 7 32 9 11 19 19 23 15 23 27 3 29 6 22 26 20 22 28 5 9 14 18 21 26 0 24 36 18 19 20 31 20 24 15 10 23 12 4 8 14 25 23 25
7 22 23 21 6 22 11 9 19 9 17 20 11 17 6 12 12 21 22 9 24 13 7 14 16 8 20 15 14 17 13 22 24 0 12 17 15 7 7 14 11 12 15 7 15 21 19 11 2 4 5
19 33 30 30 15 33 20 7 30 4 28 31 21 26 15 23 18 27 33 12 36 22 13 23 24 12 32 27 25 26 22 29 36 12 0 26 23 18 5 23 18 23 26 16 26 33 30 22 11 14 12
15 22 33 28 21 19 22 20 18 22 10 22 7 26 13 8 9 32 15 25 21 25 24 24 27 25 13 14 19 1 25 33 18 17 26 0 4 19 23 24 25 8 9 21 18 16 18 15 18 19 15
13 22 32 27 19 20 21 17 19 19 11 22 4 25 10 7 6 31 16 23 23 24 21 23 26 22 15 14 19 3 23 32 19 15 23 4 0 17 20 23 23 7 10 19 18 17 19 14 15 17 12
5 16 17 14 4 16 5 15 14 15 14 13 14 10 11 12 16 15 18 9 19 7 7 7 10 8 17 11 8 19 7 16 20 7 18 19 17 0 13 7 6 12 13 4 9 17 13 6 9 4 11
14 28 26 26 11 28 16 5 26 3 23 26 17 22 11 18 15 24 28 9 31 18 9 18 20 9 27 22 20 22 18 25 31 7 5 23 20 13 0 19 14 18 22 11 22 28 26 18 6 9 8
11 14 10 8 9 15 3 22 13 21 17 10 20 4 18 17 23 9 19 12 17 2 11 1 4 12 18 13 7 25 2 10 20 14 23 24 23 7 19 0 6 17 17 8 9 17 12 9 15 11 18
11 19 13 14 5 20 5 17 18 16 20 16 19 10 15 18 21 11 23 6 22 5 5 6 7 6 22 16 11 25 5 12 24 11 18 25 23 6 14 6 0 18 19 4 13 21 17 12 11 7 15
8 16 26 21 14 14 15 17 13 19 6 16 5 19 9 1 9 25 12 19 17 18 17 17 20 18 10 8 12 8 17 26 15 12 23 8 7 12 18 17 18 0 5 14 11 12 13 8 13 13 12
10 13 25 19 16 10 16 22 9 23 2 13 9 18 13 5 13 25 8 22 13 18 19 17 20 21 6 5 11 10 18 25 10 15 26 9 10 13 22 17 19 5 0 16 9 8 10 8 17 15 16
7 19 17 16 1 19 5 14 17 14 17 16 16 11 11 14 17 14 21 6 22 7 4 8 10 5 20 14 10 21 7 16 23 7 16 21 19 4 11 8 4 14 16 0 12 20 16 9 8 3 11
9 7 16 10 13 8 9 23 5 23 9 5 15 9 16 11 19 17 10 18 10 11 16 9 12 17 10 5 3 19 10 17 12 15 26 18 18 9 22 9 13 11 9 12 0 9 5 5 16 13 18
14 7 23 16 20 4 17 28 5 29 7 9 16 17 20 12 21 24 3 26 6 19 23 17 20 25 3 6 11 17 18 24 4 21 33 16 17 17 28 17 21 12 8 20 9 0 5 11 22 20 22
12 4 18 11 17 4 13 27 1 27 9 4 17 12 19 13 22 19 7 22 6 14 20 13 15 21 7 5 7 19 14 19 8 19 30 18 19 13 26 12 17 13 10 16 5 5 0 9 20 17 21
4 12 18 14 9 11 8 19 9 19 9 10 11 11 11 8 15 18 12 15 14 11 13 9 13 14 11 5 5 16 10 18 14 11 22 15 14 6 18 9 12 8 8 9 5 11 9 0 12 9 13
9 23 24 22 7 23 12 7 21 7 18 21 12 18 6 13 12 21 23 9 26 14 8 15 18 8 22 17 15 18 14 23 25 2 11 18 15 9 6 15 11 13 17 8 16 22 20 12 0 5 5
6 20 19 18 3 20 8 12 17 11 16 17 13 14 9 13 15 17 21 7 23 10 5 10 13 6 20 14 12 19 10 19 23 4 14 19 17 4 9 11 7 13 15 3 13 20 17 9 5 0 8
10 24 27 25 11 24 15 6 21 8 17 23 9 21 3 12 8 25 23 13 26 18 12 18 21 12 21 17 17 15 18 27 25 5 12 15 12 11 8 18 15 12 16 11 18 22 21 13 5 8 0
0 38 50 40 17 37 21 36 31 38 26 33 23 32 19 18 30 46 37 31 44 27 25 25 34 28 34 21 20 36 26 49 43 17 46 36 31 11 34 26 26 18 23 18 21 35 30 10 21 15 23
38 0 44 25 47 9 36 74 10 75 30 8 51 29 55 40 62 47 22 60 9 38 55 34 38 58 23 21 21 55 37 46 20 54 82 53 55 39 70 33 47 40 31 46 18 17 9 29 58 49 60
50 44 0 19 42 51 30 74 47 72 63 37 72 19 66 64 79 9 63 46 52 24 44 25 16 45 62 51 36 83 24 4 63 56 74 82 80 41 65 24 32 64 62 41 40 58 45 45 59 47 67
40 25 19 0 40 33 26 72 29 71 47 19 61 11 59 52 70 23 45 48 34 23 44 20 18 46 45 35 22 70 22 21 45 52 75 69 68 35 65 19 33 52 47 38 25 40 28 33 55 44 61
17 47 42 40 0 49 14 33 42 32 42 40 37 29 27 35 41 37 52 15 55 19 9 20 27 12 49 35 26 52 19 40 57 15 37 51 46 9 26 21 12 35 40 2 31 49 41 23 17 6 26
37 9 51 33 49 0 40 72 7 74 23 15 46 35 52 35 57 54 14 62 8 43 57 38 44 60 15 17 24 49 42 53 12 53 82 47 49 40 70 38 50 35 25 48 19 9 8 28 57 49 58
21 36 30 26 14 40 0 47 33 45 40 29 43 16 37 37 50 26 46 25 45 7 20 6 14 22 44 30 17 56 6 29 50 27 50 55 52 11 40 7 11 37 38 13 22 43 32 20 30 19 38
36 74 74 72 33 72 47 0 66 7 56 69 36 62 22 43 30 68 70 32 79 52 32 53 59 32 67 56 55 49 52 72 77 21 16 50 42 38 12 54 43 43 53 35 57 70 66 46 17 29 15
31 10 47 29 42 7 33 66 0 68 21 11 42 30 47 31 53 49 17 55 14 36 50 32 38 53 17 12 17 46 35 48 18 47 75 45 46 34 64 32 44 31 23 41 12 12 2 21 51 43 52
38 75 72 71 32 74 45 7 68 0 59 69 41 61 26 47 35 65 73 28 81 50 29 51 57 28 70 58 55 54 50 69 79 21 10 55 47 37 7 52 40 46 56 33 58 72 67 47 18 28 19
26 30 63 47 42 23 40 56 21 59 0 31 24 44 35 14 36 63 15 56 30 46 50 42 50 53 12 12 27 26 45 63 22 41 68 24 27 35 57 42 49 14 4 42 23 17 22 21 44 40 41
33 8 37 19 40 15 29 69 11 69 31 0 49 22 51 38 59 40 27 53 17 30 47 26 30 50 27 20 15 55 29 39 27 48 76 54 54 33 64 25 39 38 31 39 13 22 10 24 52 42 56
23 51 72 61 37 46 43 36 42 41 24 49 0 54 16 11 12 69 39 48 53 50 43 48 57 46 35 30 39 16 49 71 46 28 51 16 9 33 41 49 47 11 21 38 37 40 42 28 29 33 23
32 29 19 11 29 35 16 62 30 61 44 22 54 0 50 46 62 19 46 38 38 12 34 10 9 36 45 33 18 65 12 20 47 42 65 64 62 25 54 9 23 46 44 28 22 41 29 27 45 34 52
19 55 66 59 27 52 37 22 47 26 35 51 16 50 0 21 15 62 49 35 60 43 31 42 50 33 45 36 38 31 42 65 56 14 36 31 23 26 26 43 38 21 32 28 39 49 47 28 15 21 7
18 40 64 52 35 35 37 43 31 47 14 38 11 46 21 0 23 63 29 48 42 44 42 41 50 45 25 20 30 20 43 64 36 29 56 18 17 29 45 42 44 1 11 35 27 30 31 20 32 32 28
30 62 79 70 41 57 50 30 53 35 36 59 12 62 15 23 0 75 50 49 64 56 45 55 63 47 47 41 48 21 56 78 57 28 45 22 13 39 37 56 52 22 33 42 47 52 53 37 29 36 19
46 47 9 23 37 54 26 68 49 65 63 40 69 19 62 63 75 0 65 38 56 20 37 22 13 38 64 51 36 82 20 5 66 51 67 80 77 37 58 21 26 62 62 35 41 60 48 44 53 42 62
37 22 63 45 52 14 46 70 17 73 15 27 39 46 49 29 50 65 0 66 18 51 60 46 53 64 4 17 31 38 49 64 8 53 82 36 40 44 70 46 56 29 18 52 25 6 18 30 57 51 56
31 60 46 48 15 62 25 32 55 28 56 53 48 38 35 48 49 38 66 0 68 26 6 29 32 3 63 49 39 63 27 43 71 21 29 63 56 23 21 30 15 47 53 15 44 63 55 37 21 17 31
44 9 52 34 55 8 45 79 14 81 30 17 53 38 60 42 64 56 18 68 0 47 62 43 47 65 21 24 29 55 46 55 14 60 89 53 56 47 77 42 55 42 32 54 25 14 14 34 64 56 65
27 38 24 23 19 43 7 52 36 50 46 30 50 12 43 44 56 20 51 26 47 0 22 5 8 24 49 35 20 63 2 23 54 33 54 62 58 18 43 5 11 44 44 17 26 47 35 26 35 24 44
25 55 44 44 9 57 20 32 50 29 50 47 43 34 31 42 45 37 60 6 62 22 0 25 29 4 58 43 34 58 23 41 65 18 32 58 52 17 22 26 12 42 48 9 38 58 49 31 18 11 28
25 34 25 20 20 38 6 53 32 51 42 26 48 10 42 41 55 22 46 29 43 5 25 0 9 27 45 31 16 60 4 24 49 33 56 59 56 17 45 2 15 41 41 19 22 42 31 22 36 25 44
34 38 16 18 27 44 14 59 38 57 50 30 57 9 50 50 63 13 53 32 47 8 29 9 0 31 52 39 24 69 8 15 55 40 60 68 65 25 50 9 18 50 49 25 29 49 37 31 43 32 51
28 58 45 46 12 60 22 32 53 28 53 50 46 36 33 45 47 38 64 3 65 24 4 27 31 0 61 47 37 61 25 42 68 19 30 61 54 20 21 28 14 45 51 12 41 61 52 34 20 14 30
34 23 62 45 49 15 44 67 17 70 12 27 35 45 45 25 47 64 4 63 21 49 58 45 52 61 0 15 29 35 48 64 11 50 78 33 37 41 67 45 54 25 15 49 24 7 18 27 53 48 52
21 21 51 35 35 17 30 56 12 58 12 20 30 33 36 20 41 51 17 49 24 35 43 31 39 47 15 0 16 36 34 52 23 38 66 35 35 27 55 31 40 20 13 35 11 15 12 13 41 35 42
20 21 36 22 26 24 17 55 17 55 27 15 39 18 38 30 48 36 31 39 29 20 34 16 24 37 29 16 0 49 19 37 34 34 62 47 46 19 50 16 27 30 27 25 6 27 16 12 38 28 42
36 55 83 70 52 49 56 49 46 54 26 55 16 65 31 20 21 82 38 63 55 63 58 60 69 61 35 36 49 0 62 83 45 43 64 3 8 47 55 61 62 20 25 53 46 41 47 39 44 48 37
26 37 24 22 19 42 6 52 35 50 45 29 49 12 42 43 56 20 49 27 46 2 23 4 8 25 48 34 19 62 0 23 52 33 54 61 57 17 44 4 12 43 43 17 25 45 34 25 35 24 43
49 46 4 21 40 53 29 72 48 69 63 39 71 20 65 64 78 5 64 43 55 23 41 24 15 42 64 52 37 83 23 0 65 55 72 82 79 40 63 23 30 64 63 39 41 59 47 45 57 46 66
43 20 63 45 57 12 50 77 18 79 22 27 46 47 56 36 57 66 8 71 14 54 65 49 55 68 11 23 34 45 52 65 0 60 88 43 48 49 77 49 60 36 25 57 28 8 19 35 63 57 62
17 54 56 52 15 53 27 21 47 21 41 48 28 42 14 29 28 51 53 21 60 33 18 33 40 19 50 38 34 43 33 55 60 0 29 43 36 17 17 34 26 29 38 16 37 52 47 26 4 9 12
46 82 74 75 37 82 50 16 75 10 68 76 51 65 36 56 45 67 82 29 89 54 32 56 60 30 78 66 62 64 54 72 88 29 0 65 57 44 12 57 43 56 65 38 65 81 75 55 26 34 29
36 53 82 69 51 47 55 50 45 55 24 54 16 64 31 18 22 80 36 63 53 62 58 59 68 61 33 35 47 3 61 82 43 43 65 0 9 46 56 60 61 19 23 52 44 39 45 37 45 47 37
31 55 80 68 46 49 52 42 46 47 27 54 9 62 23 17 13 77 40 56 56 58 52 56 65 54 37 35 46 8 57 79 48 36 57 9 0 42 48 57 56 17 24 47 43 43 47 35 37 41 29
11 39 41 35 9 40 11 38 34 37 35 33 33 25 26 29 39 37 44 23 47 18 17 17 25 20 41 27 19 47 17 40 49 17 44 46 42 0 32 18 15 29 32 8 22 41 33 15 21 10 27
34 70 65 65 26 70 40 12 64 7 57 64 41 54 26 45 37 58 70 21 77 43 22 45 50 21 67 55 50 55 44 63 77 17 12 56 48 32 0 46 33 45 54 27 53 69 63 43 14 22 19
26 33 24 19 21 38 7 54 32 52 42 25 49 9 43 42 56 21 46 30 42 5 26 2 9 28 45 31 16 61 4 23 49 34 57 60 57 18 46 0 15 42 41 20 22 42 30 23 37 26 45
26 47 32 33 12 50 11 43 44 40 49 39 47 23 38 44 52 26 56 15 55 11 12 15 18 14 54 40 27 62 12 30 60 26 43 61 56 15 33 15 0 44 47 10 32 53 42 28 28 17 37
18 40 64 52 35 35 37 43 31 46 14 38 11 46 21 1 22 62 29 47 42 44 42 41 50 45 25 20 30 20 43 64 36 29 56 19 17 29 45 42 44 0 11 35 27 30 32 19 32 31 28
23 31 62 47 40 25 38 53 23 56 4 31 21 44 32 11 33 62 18 53 32 44 48 41 49 51 15 13 27 25 43 63 25 38 65 23 24 32 54 41 47 11 0 40 23 19 23 19 41 38 38
18 46 41 38 2 48 13 35 41 33 42 39 38 28 28 35 42 35 52 15 54 17 9 19 25 12 49 35 25 53 17 39 57 16 38 52 47 8 27 20 10 35 40 0 30 49 40 23 19 7 27
21 18 40 25 31 19 22 57 12 58 23 13 37 22 39 27 47 41 25 44 25 26 38 22 29 41 24 11 6 46 25 41 28 37 65 44 43 22 53 22 32 27 23 30 0 21 11 12 40 32 44
35 17 58 40 49 9 43 70 12 72 17 22 40 41 49 30 52 60 6 63 14 47 58 42 49 61 7 15 27 41 45 59 8 52 81 39 43 41 69 42 53 30 19 49 21 0 13 27 55 49 55
30 9 45 28 41 8 32 66 2 67 22 10 42 29 47 31 53 48 18 55 14 35 49 31 37 52 18 12 16 47 34 47 19 47 75 45 47 33 63 30 42 32 23 40 11 13 0 21 50 42 52
10 29 45 33 23 28 20 46 21 47 21 24 28 27 28 20 37 44 30 37 34 26 31 22 31 34 27 13 12 39 25 45 35 26 55 37 35 15 43 23 28 19 19 23 12 27 21 0 30 23 32
21 58 59 55 17 57 30 17 51 18 44 52 29 45 15 32 29 53 57 21 64 35 18 36 43 20 53 41 38 44 35 57 63 4 26 45 37 21 14 37 28 32 41 19 40 55 50 30 0 12 11
15 49 47 44 6 49 19 29 43 28 40 42 33 34 21 32 36 42 51 17 56 24 11 25 32 14 48 35 28 48 24 46 57 9 34 47 41 10 22 26 17 31 38 7 32 49 42 23 12 0 20
23 60 67 61 26 58 38 15 52 19 41 56 23 52 7 28 19 62 56 31 65 44 28 44 51 30 52 42 42 37 43 66 62 12 29 37 29 27 19 45 37 28 38 27 44 55 52 32 11 20 0
